adult_multi cfair 0 0.8476658476658476 0.18168463219739978 0.18168463219739978 nan 0.08495381234603919 nan 0.08495381234603915 0.0 0
adult_multi cfair 1 0.8516584766584766 0.12330981352953574 0.12330981352953574 nan 0.041115478480981404 nan 0.04111547848098141 0.0 0
adult_multi cfair 2 0.8341523341523341 0.2209647200097846 0.2209647200097846 nan 0.13000053757861751 nan 0.13000053757861754 0.0 0
adult_multi cfair 3 0.8393734643734644 0.15498521219779418 0.15498521219779418 nan 0.07149250613626815 nan 0.0714925061362681 0.0 0
adult_multi cfair 4 0.8473587223587223 0.1297186232856039 0.1297186232856039 nan 0.053658939821006384 nan 0.05365893982100642 0.0 0
adult_multi cfair 5 0.8418304668304668 0.1728322998670743 0.1728322998670743 nan 0.07383406888139066 nan 0.07383406888139062 0.0 0
adult_multi cfair 6 0.855036855036855 0.18970515999033105 0.18970515999033105 nan 0.07863893828604201 nan 0.07863893828604203 0.0 0
adult_multi cfair 7 0.8473587223587223 0.14368233867096633 0.14368233867096633 nan 0.056813576927428264 nan 0.05681357692742828 0.0 0
adult_multi cfair 8 0.8485872235872236 0.16268835746426052 0.16268835746426052 nan 0.06836196284145843 nan 0.06836196284145847 0.0 0
adult_multi cfair 9 0.859029484029484 0.1689885281179704 0.1689885281179704 nan 0.06747146226729912 nan 0.06747146226729912 0.0 0
adult_multi cfair 0 0.8012899262899262 0.13045206464326284 0.13045206464326284 nan 0.0357373250073527 nan 0.03573732500735269 100.0 0
adult_multi cfair 1 0.7945331695331695 0.04768845238362916 0.04768845238362916 nan 0.00720048248925556 nan 0.0072004824892555296 100.0 0
adult_multi cfair 2 0.8095823095823096 0.11521116188952961 0.11521116188952961 nan 0.035049280594987006 nan 0.03504928059498699 100.0 0
adult_multi cfair 3 0.8006756756756757 0.10971066249733326 0.10971066249733326 nan 0.03504720841648497 nan 0.035047208416485 100.0 0
adult_multi cfair 4 0.8037469287469288 0.048125687008759084 0.048125687008759084 nan 0.004935365439117198 nan 0.004935365439117228 100.0 0
adult_multi cfair 5 0.8071253071253072 0.07144494870002432 0.07144494870002432 nan 0.009210326521057226 nan 0.009210326521057258 100.0 0
adult_multi cfair 6 0.816031941031941 0.10392624509324302 0.10392624509324302 nan 0.03248836335508854 nan 0.032488363355088534 100.0 0
adult_multi cfair 7 0.7966830466830467 0.13107854671286184 0.13107854671286184 nan 0.046926838401896855 nan 0.04692683840189684 100.0 0
adult_multi cfair 8 0.808046683046683 0.06968504072201581 0.06968504072201581 nan 0.006565087833909388 nan 0.006565087833909359 100.0 0
adult_multi cfair 9 0.7957616707616708 0.03895639390312511 0.03895639390312511 nan 0.006518389221803545 nan 0.006518389221803566 100.0 0
adult_multi cfair 0 0.8006756756756757 0.07566892312983131 0.07566892312983131 nan 0.016504186342210056 nan 0.01650418634221005 1000.0 0
adult_multi cfair 1 0.8117321867321867 0.0737243560351857 0.0737243560351857 nan 0.007240399941518279 nan 0.007240399941518319 1000.0 0
adult_multi cfair 2 0.7917690417690417 0.1032899558580295 0.1032899558580295 nan 0.02438891032729187 nan 0.024388910327291825 1000.0 0
adult_multi cfair 3 0.8114250614250614 0.07479780920537543 0.07479780920537543 nan 0.009612401295198367 nan 0.009612401295198358 1000.0 0
adult_multi cfair 4 0.7917690417690417 0.0227642316209404 0.0227642316209404 nan 0.013231389068636608 nan 0.013231389068636638 1000.0 0
adult_multi cfair 5 0.8025184275184275 0.07901148655591192 0.07901148655591192 nan 0.023381104250648127 nan 0.023381104250648058 1000.0 0
adult_multi cfair 6 0.8191031941031941 0.13327852027899573 0.13327852027899573 nan 0.049824497239895946 nan 0.049824497239895904 1000.0 0
adult_multi cfair 7 0.7847051597051597 0.13670996787917195 0.13670996787917195 nan 0.049746198503717635 nan 0.04974619850371765 1000.0 0
adult_multi cfair 8 0.808968058968059 0.07148744245242865 0.07148744245242865 nan 0.009508558102345169 nan 0.00950855810234518 1000.0 0
adult_multi cfair 9 0.8006756756756757 0.02045437526044743 0.02045437526044743 nan 0.021085163512489683 nan 0.02108516351248966 1000.0 0
adult_multi cfair 0 0.8040540540540541 0.12310593372887453 0.12310593372887453 nan 0.039639073031315655 nan 0.039639073031315655 10000.0 0
adult_multi cfair 1 0.7865479115479116 0.029870565057968965 0.029870565057968965 nan 0.01344781782476177 nan 0.013447817824761808 10000.0 0
adult_multi cfair 2 0.8117321867321867 0.1147830037062215 0.1147830037062215 nan 0.033482329540643174 nan 0.033482329540643174 10000.0 0
adult_multi cfair 3 0.808046683046683 0.10528396705638779 0.10528396705638779 nan 0.016383759226471683 nan 0.0163837592264717 10000.0 0
adult_multi cfair 4 0.8086609336609336 0.07459204856040373 0.07459204856040373 nan 0.0062770886758210555 nan 0.0062770886758210485 10000.0 0
adult_multi cfair 5 0.7954545454545454 0.027587780067277152 0.027587780067277152 nan 0.00587309525238376 nan 0.005873095252383715 10000.0 0
adult_multi cfair 6 0.7954545454545454 0.17164602820778055 0.17164602820778055 nan 0.08268994257211054 nan 0.08268994257211054 10000.0 0
adult_multi cfair 7 0.7837837837837838 0.13063122609598715 0.13063122609598715 nan 0.043000183832772085 nan 0.04300018383277205 10000.0 0
adult_multi cfair 8 0.8187960687960688 0.07152839423067262 0.07152839423067262 nan 0.01104999109853902 nan 0.011049991098539061 10000.0 0
adult_multi cfair 9 0.8000614250614251 0.03354689007611727 0.03354689007611727 nan 0.003769234790499108 nan 0.0037692347904990688 10000.0 0
