adult_M fair-scale 0 0.8301597051597052 0.16677754003090245 0.16677754506832193 nan 0.06286724823586082 nan 0.06286724636495361 0 0
adult_M fair-scale 1 0.8335380835380836 0.1660571088867417 0.166057108075841 nan 0.059168996651831895 nan 0.05916899581021108 0 0
adult_M fair-scale 2 0.7883906633906634 0.0213249918177556 0.02132499308295492 nan 0.0035862547179899675 nan 0.003586254733283991 0 0
adult_M fair-scale 3 0.8071253071253072 0.06635913537904456 0.06635913444921888 nan 0.011023129472130255 nan 0.011023129612659017 0 0
adult_M fair-scale 4 0.8126535626535627 0.09503445512545206 0.0950344548167896 nan 0.02334856569331769 nan 0.023348565041670925 0 0
adult_M fair-scale 5 0.8326167076167076 0.16246310376247836 0.16246310865500452 nan 0.05744150734425751 nan 0.05744150555730612 0 0
adult_M fair-scale 6 0.8363022113022113 0.15596988530260852 0.15596988080291074 nan 0.04850624639328649 nan 0.04850624739831634 0 0
adult_M fair-scale 7 0.8326167076167076 0.13194536119937297 0.13194536350798794 nan 0.03695921200014424 nan 0.036959211595562896 0 0
adult_M fair-scale 8 0.8034398034398035 0.06421005509995667 0.06421005727029477 nan 0.012692474846320028 nan 0.012692474079528535 0 0
adult_M fair-scale 9 0.8332309582309583 0.15406031867481887 0.15406031812074555 nan 0.05094068225707255 nan 0.050940683929186506 0 0
adult_M fair-scale 0 0.8301597051597052 0.16677754003090245 0.16677754506832193 nan 0.06286724823586082 nan 0.06286724636495361 0.001 0
adult_M fair-scale 1 0.8332309582309583 0.16582012347464697 0.16582011996517554 nan 0.05994451835472364 nan 0.059944517728388165 0.001 0
adult_M fair-scale 2 0.7883906633906634 0.0213249918177556 0.02132499308295492 nan 0.0035862547179899675 nan 0.003586254733283991 0.001 0
adult_M fair-scale 3 0.8062039312039312 0.06499263803929957 0.06499263997614878 nan 0.011023129472130255 nan 0.011023129612659017 0.001 0
adult_M fair-scale 4 0.8126535626535627 0.09503445512545206 0.0950344548167896 nan 0.02334856569331769 nan 0.023348565041670925 0.001 0
adult_M fair-scale 5 0.8326167076167076 0.16246310376247836 0.16246310865500452 nan 0.05744150734425751 nan 0.05744150555730612 0.001 0
adult_M fair-scale 6 0.8363022113022113 0.15596988530260852 0.15596988080291074 nan 0.04850624639328649 nan 0.04850624739831634 0.001 0
adult_M fair-scale 7 0.8323095823095823 0.13148512734866086 0.13148512575891155 nan 0.03695921200014424 nan 0.036959211595562896 0.001 0
adult_M fair-scale 8 0.8031326781326781 0.06375455598670834 0.06375455595098951 nan 0.012692474846320028 nan 0.012692474079528535 0.001 0
adult_M fair-scale 9 0.8332309582309583 0.15406031867481887 0.15406031812074555 nan 0.05094068225707255 nan 0.050940683929186506 0.001 0
adult_M fair-scale 0 0.8304668304668305 0.16631730618019033 0.16631730307909612 nan 0.06220483612426716 nan 0.062204834466119234 0.01 0
adult_M fair-scale 1 0.8332309582309583 0.1635052172476092 0.16350521911403704 nan 0.05949783822017294 nan 0.0594978361704728 0.01 0
adult_M fair-scale 2 0.7877764127764127 0.02040982918021403 0.020409828694311526 nan 0.0035862547179899675 nan 0.003586254733283991 0.01 0
adult_M fair-scale 3 0.8043611793611793 0.061348645133312917 0.061348646423492845 nan 0.010405694183842927 nan 0.010405694370154645 0.01 0
adult_M fair-scale 4 0.8126535626535627 0.09761367899513262 0.0976136771536854 nan 0.02424367469061962 nan 0.024243673798469333 0.01 0
adult_M fair-scale 5 0.8329238329238329 0.16234997283810215 0.16234997521173988 nan 0.05820688960667759 nan 0.058206892334417865 0.01 0
adult_M fair-scale 6 0.835995085995086 0.15550965145189644 0.15550965063942263 nan 0.04850624639328649 nan 0.04850624739831634 0.01 0
adult_M fair-scale 7 0.8323095823095823 0.12964419194581245 0.12964419113283165 nan 0.035724341423569644 nan 0.03572434040519741 0.01 0
adult_M fair-scale 8 0.8037469287469288 0.06284355776021168 0.06284356017487655 nan 0.011434005787322303 nan 0.011434006205199387 0.01 0
adult_M fair-scale 9 0.8332309582309583 0.15291660253477724 0.1529166065947637 nan 0.05094068225707255 nan 0.050940683929186506 0.01 0
adult_M fair-scale 0 0.8215601965601965 0.13732469084285892 0.13732469118107668 nan 0.048303194912474846 nan 0.04830319592845918 0.1 0
adult_M fair-scale 1 0.8148034398034398 0.11790916997618628 0.11790917049870525 nan 0.04172549989854457 nan 0.04172550110227744 0.1 0
adult_M fair-scale 2 0.7865479115479116 0.019979330444362876 0.019979330508914303 nan 0.0035049279658767307 nan 0.003504927885069934 0.1 0
adult_M fair-scale 3 0.7896191646191646 0.025580503953080758 0.025580504082251296 nan 0.004303073361092293 nan 0.004303073318621908 0.1 0
adult_M fair-scale 4 0.8049754299754299 0.07756689135946992 0.07756689185360341 nan 0.014508156868434803 nan 0.01450815598576255 0.1 0
adult_M fair-scale 5 0.8184889434889435 0.1113331922778917 0.11133318782887563 nan 0.03200898056594645 nan 0.03200898032516255 0.1 0
adult_M fair-scale 6 0.8332309582309583 0.14445094188292196 0.1444509458906432 nan 0.042927005909922065 nan 0.04292700644126318 0.1 0
adult_M fair-scale 7 0.8105036855036855 0.07505800851456465 0.07505800710296237 nan 0.011573447793439991 nan 0.011573447594051225 0.1 0
adult_M fair-scale 8 0.8006756756756757 0.08317717238388042 0.08317717373729938 nan 0.030671820707153033 nan 0.030671819859266456 0.1 0
adult_M fair-scale 9 0.8148034398034398 0.07464171556160648 0.07464171749999332 nan 0.011821293352450548 nan 0.011821293718950507 0.1 0
adult_M fair-scale 0 0.7933046683046683 0.03498354618962639 0.034983545850799186 nan 0.0032473004503562348 nan 0.0032473003891257085 1 0
adult_M fair-scale 1 0.8028255528255528 0.05105246893347733 0.051052469070989114 nan 0.007318517742406419 nan 0.007318517612454374 1 0
adult_M fair-scale 2 0.7926904176904177 0.02273143546417174 0.02273143584923105 nan 0.0043274215004579925 nan 0.004327421489647257 1 0
adult_M fair-scale 3 0.7813267813267813 0.015615573106641696 0.015615572099799482 nan 0.003433346003417259 nan 0.0034333459987696095 1 0
adult_M fair-scale 4 0.7899262899262899 0.024896266386892674 0.0248962657776434 nan 0.0035049279658767307 nan 0.003504927885069934 1 0
adult_M fair-scale 5 0.7831695331695332 0.011944118823905888 0.011944119977058439 nan 0.005470825884447566 nan 0.005470825912949691 1 0
adult_M fair-scale 6 0.8286240786240786 0.06397177299989136 0.06397176933318342 nan 0.010429505111294606 nan 0.010429505432063528 1 0
adult_M fair-scale 7 0.7933046683046683 0.02937126268238955 0.02937126337233756 nan 0.0031596689771027173 nan 0.003159668919811027 1 0
adult_M fair-scale 8 0.7905405405405406 0.025997181248049728 0.025997181600244133 nan 0.006868258432558734 nan 0.006868258143155328 1 0
adult_M fair-scale 9 0.7843980343980343 0.020576875047304283 0.02057687487277362 nan 0.004601098526772528 nan 0.004601098651269304 1 0
adult_M fair-scale 0 0.8458230958230958 0.17714734283393824 0.17714733554412893 nan 0.0719134728922557 nan 0.07191347186726439 10 0
adult_M fair-scale 1 0.8445945945945946 0.16703736104084352 0.16703736902888605 nan 0.06979146830323943 nan 0.06979146770117972 10 0
adult_M fair-scale 2 0.851044226044226 0.15511668426041983 0.15511667815674104 nan 0.058617225379914956 nan 0.05861722448766673 10 0
adult_M fair-scale 3 0.8458230958230958 0.188843055175339 0.1888430621871987 nan 0.06816969309871279 nan 0.06816969273162704 10 0
