adult fbc 1 0.8396805896805897 0.13724108907758414 1.4456231909841468 nan 0.05113675440835925 nan 1.0549983403955463 0.0
adult fbc 10 0.8341523341523341 0.1378664477673697 1.3888326834005047 nan 0.05696871238973673 nan 1.0177351443400804 0.0
adult fbc 11 0.8344594594594594 0.15395886097459804 1.3838654325197144 nan 0.06710154339896739 nan 1.0080492049487795 0.0
adult fbc 2 0.8335380835380836 0.1523954048625817 1.421966021005718 nan 0.06716854315469567 nan 1.026241845126257 0.0
adult fbc 3 0.8338452088452089 0.15180447265668742 1.4204962694543302 nan 0.061959817928681646 nan 1.041003319321656 0.0
adult fbc 4 0.8329238329238329 0.14900294481860543 1.312572456840503 nan 0.06398549862880921 nan 0.9681007697379269 0.0
adult fbc 5 0.8234029484029484 0.12041339656924362 1.4374713096203449 nan 0.044639808212777105 nan 1.059003384071969 0.0
adult fbc 6 0.8335380835380836 0.13672941560231738 1.3732691076322296 nan 0.049906875965096145 nan 0.9817074765854954 0.0
adult fbc 7 0.8181818181818182 0.1321095877269671 1.1975491528989073 nan 0.053789975911742005 nan 0.8502388761540707 0.0
adult fbc 8 0.8273955773955773 0.15876969137683367 1.3018640045251204 nan 0.07299440988891367 nan 0.9737272867416741 0.0
adult fbc 9 0.8356879606879607 0.13867773195447236 1.3193982052622226 nan 0.05412895391940429 nan 0.9454520896364227 0.0
adult fbc 1 0.8006756756756757 0.07290736559617393 1.1181341541827916 nan 0.01248184127496225 nan 0.8348814267439412 0.2
adult fbc 10 0.8218673218673219 0.08412773798251119 1.0648936324262885 nan 0.024131796886200835 nan 0.8022867771864959 0.2
adult fbc 11 0.8181818181818182 0.12128520396430799 1.2018144016638128 nan 0.04989029494845773 nan 0.8997874610649805 0.2
adult fbc 2 0.8200245700245701 0.09717625956589931 1.3363239500270754 nan 0.02565327055543445 nan 0.987844035310798 0.2
adult fbc 3 0.8028255528255528 0.08120239414623351 1.1250337735709541 nan 0.025917638519601452 nan 0.8205460997754702 0.2
adult fbc 4 0.8224815724815725 0.12309898097847831 1.5217676076856044 nan 0.04020805353719062 nan 1.132128733182803 0.2
adult fbc 5 0.7982186732186732 0.12698260167491984 1.3383191497221598 nan 0.05211166122072951 nan 1.0683648780393238 0.2
adult fbc 6 0.8000614250614251 0.08970035609048237 1.1926243662060294 nan 0.03058832223660937 nan 0.9752375428393382 0.2
adult fbc 7 0.7997542997542998 0.14502052673937488 1.0365237133921226 nan 0.06126986347939495 nan 0.7238370143357715 0.2
adult fbc 8 0.7822481572481572 0.0633409002799375 0.9452549935442748 nan 0.016060898246215795 nan 0.7370751110161126 0.2
adult fbc 9 0.8049754299754299 0.14066472540578379 1.0731878934883405 nan 0.06007919335532247 nan 0.8182234844496443 0.2
adult fbc 1 0.7942260442260443 0.13556935515030144 0.9631761639120511 nan 0.05752665063187698 nan 0.7068697816028774 0.4
adult fbc 10 0.7905405405405406 0.18560610912915584 0.8237275005229221 nan 0.09434012717139431 nan 0.5859258389570414 0.4
adult fbc 11 0.7638206388206388 0.02421355525775488 0.21619272267688433 nan 0.00734245785644312 nan 0.13698892133763796 0.4
adult fbc 2 0.789004914004914 0.03862078699321025 0.740323986386051 nan 0.008539132524982663 nan 0.49531377420975137 0.4
adult fbc 3 0.7761056511056511 0.1044945568481663 0.8053493883277331 nan 0.056111733484206935 nan 0.6223178127434653 0.4
adult fbc 4 0.7589066339066339 0.0 0.0 nan 0.0 nan 0.0 0.4
adult fbc 5 0.8065110565110565 0.14533074487605196 0.5290601905844179 nan 0.0719224255468163 nan 0.32707973412853175 0.4
adult fbc 6 0.8101965601965602 0.08845739793984003 1.040793715474432 nan 0.03234846738472554 nan 0.7982330437044318 0.4
adult fbc 7 0.7954545454545454 0.08880416659143942 1.085069166677442 nan 0.039603867126863646 nan 0.8706696389712003 0.4
adult fbc 8 0.7825552825552825 0.018486338835294977 0.6387192903526535 nan 0.020457356381496435 nan 0.47260482188693653 0.4
adult fbc 9 0.7785626535626535 0.07638499619926545 0.7587481532163972 nan 0.03816383872794383 nan 0.5127209023574141 0.4
adult fbc 1 0.7589066339066339 0.0 0.0 nan 0.0 nan 0.0 0.6
adult fbc 10 0.7718058968058968 0.027874022398981145 0.80378130813972 nan 0.008822912924374263 nan 0.5961198359382904 0.6
adult fbc 11 0.7810196560196561 0.01948142259587548 0.820847603279369 nan 0.007892173525002653 nan 0.6373981680366507 0.6
adult fbc 2 0.7595208845208845 0.009096446456119994 0.2341069551887486 nan 0.009452370555255088 nan 0.17506865166176147 0.6
adult fbc 3 0.7754914004914005 0.05635750044306247 0.7601506506758136 nan 0.011454561371716632 nan 0.5624802915817729 0.6
adult fbc 4 0.7638206388206388 0.0067274139076599765 0.07180700225574344 nan 0.006338829542305082 nan 0.03136765417120088 0.6
adult fbc 5 0.7595208845208845 0.01475051344752762 0.45632788919985534 nan 0.005694968496285774 nan 0.30739750790526105 0.6
adult fbc 6 0.7702702702702703 0.014275157049112999 0.4656765974914754 nan 0.008575768615740751 nan 0.31786675643954776 0.6
adult fbc 7 0.7684275184275184 0.009715834840605397 0.2703315393221746 nan 0.002577925352148048 nan 0.15420911284005392 0.6
adult fbc 8 0.7625921375921376 0.013771680266692201 0.37622661235506105 nan 0.0028986475525030406 nan 0.24235665213947472 0.6
adult fbc 9 0.7896191646191646 0.026869183564895212 0.14931349041693387 nan 0.0022368981376581876 nan 0.024589537251751843 0.6
adult fbc 1 0.7589066339066339 0.0 0.0 nan 0.0 nan 0.0 0.8
adult fbc 2 0.7589066339066339 0.0 0.0 nan 0.0 nan 0.0 0.8
adult fbc 3 0.7589066339066339 0.0 0.04908988837825776 nan 0.0 nan 0.031148852240122343 0.8
adult fbc 4 0.7754914004914005 0.04598611130749648 0.6616920286309459 nan 0.017886673934408903 nan 0.4842738243971399 0.8
adult fbc 5 0.7635135135135135 0.019539911508385688 0.060856183315445754 nan 0.005241651624946574 nan 0.0367363122007519 0.8
adult fbc 6 0.7589066339066339 0.0 0.16102466160947748 nan 0.0 nan 0.16554461644989715 0.8
adult fbc 1 0.76504914004914 0.003299893378073814 0.010274221142488524 nan 0.0023550536745984892 nan 0.008362053829637154 1.0
adult fbc 10 0.7745700245700246 0.011002161863105531 0.1569164846533042 nan 0.002563618644687687 nan 0.05975558002742401 1.0
adult fbc 11 0.7592137592137592 0.015547551592812554 0.027596792038702862 nan 0.01035819520825873 nan 0.017719772006351543 1.0
adult fbc 2 0.7589066339066339 0.0 0.0 nan 0.0 nan 0.0 1.0
adult fbc 3 0.7653562653562653 0.004108492386165167 0.6506070646918206 nan 0.0023550536745984892 nan 0.5163990928380723 1.0
adult fbc 4 0.7589066339066339 0.0 0.0 nan 0.0 nan 0.0 1.0
adult fbc 5 0.7589066339066339 0.0 0.0 nan 0.0 nan 0.0 1.0
adult fbc 6 0.7589066339066339 0.0 0.0 nan 0.0 nan 0.0 1.0
adult fbc 7 0.7589066339066339 0.0 0.0 nan 0.0 nan 0.0 1.0
adult fbc 8 0.7589066339066339 0.0 0.0 nan 0.0 nan 0.0 1.0
adult fbc 9 0.7589066339066339 0.0 0.03415092481726916 nan 0.0 nan 0.03606349967179358 1.0
