adult_multi frc 0 0.8227886977886978 0.03570334176512327 0.05265897501310006 nan 0.009613813252080817 nan 0.01567213593865823 0 1
adult_multi frc 1 0.8313882063882064 0.08353506599923255 0.06717427581434761 nan 0.01626019932261491 nan 0.02159664309369417 0 1
adult_multi frc 2 0.8221744471744472 0.04709544388166341 0.042120431654699086 nan 0.010885697367360421 nan 0.005749064969075729 0 1
adult_multi frc 3 0.8175675675675675 0.08154936481217637 0.06752783134819201 nan 0.02711224621049367 nan 0.022581037758732856 0 1
adult_multi frc 4 0.8206388206388207 0.04099287225923867 0.04717987153708826 nan 0.018985401080562757 nan 0.00918493448474493 0 1
adult_multi frc 5 0.8215601965601965 0.047005987860533505 0.06291954568949876 nan 0.016065968942473093 nan 0.017206369563034535 0 1
adult_multi frc 6 0.8230958230958231 0.059856226205367756 0.06852282283392869 nan 0.00946620534746503 nan 0.02776522844657091 0 1
adult_multi frc 7 0.8123464373464373 0.03274411491656431 0.0469248592860384 nan 0.022028427857051405 nan 0.010730433278525884 0 1
adult_multi frc 8 0.8148034398034398 0.015058353980667847 0.02483940052679883 nan 0.029675216225369807 nan 0.013709537820969453 0 1
adult_multi frc 9 0.8105036855036855 0.08493609382850872 0.0888590063847482 nan 0.028490177646296785 nan 0.04740838063952307 0 1
adult_multi frc 0 0.808046683046683 0.012280181124814571 0.0310323929000434 nan 0.02870937861162026 nan 0.009725975583895251 0.0001 1
adult_multi frc 1 0.8148034398034398 0.04541366871784952 0.043125662236869595 nan 0.012758267988965455 nan 0.009465213144837276 0.0001 1
adult_multi frc 2 0.8086609336609336 0.04051074528392609 0.03872800644033193 nan 0.014300369805557562 nan 0.007879773255755312 0.0001 1
adult_multi frc 3 0.8178746928746928 0.06115602024173425 0.05289081396711341 nan 0.01036391775602721 nan 0.011272154457365288 0.0001 1
adult_multi frc 4 0.8187960687960688 0.040155483117160884 0.03839389780844536 nan 0.011812703238208282 nan 0.007711605360451837 0.0001 1
adult_multi frc 5 0.8098894348894349 0.02366427073433263 0.031047550567907388 nan 0.02425481349178453 nan 0.013635981849221723 0.0001 1
adult_multi frc 6 0.8105036855036855 0.03517888845588993 0.04358418308777777 nan 0.01767474614637641 nan 0.010926053186645825 0.0001 1
adult_multi frc 7 0.8098894348894349 0.05764305961545814 0.06657721116165727 nan 0.009855347357095508 nan 0.02515668171305447 0.0001 1
adult_multi frc 8 0.8083538083538083 0.0161044613173114 0.028358384043958716 nan 0.02803579765421105 nan 0.010686896777901035 0.0001 1
adult_multi frc 9 0.8148034398034398 0.0755458992883673 0.059583818052400296 nan 0.018318788284460284 nan 0.025095310737418015 0.0001 1
adult_multi frc 0 0.812960687960688 0.02903973973482575 0.03723663995041464 nan 0.016180781553024503 nan 0.008709978839250638 0.001 1
adult_multi frc 1 0.8138820638820639 0.029763890541659215 0.023604271188729965 nan 0.014697642949028224 nan 0.015123992913223423 0.001 1
adult_multi frc 2 0.8077395577395577 0.018790582154683183 0.011827260531332094 nan 0.030342474968252726 nan 0.024431451843624725 0.001 1
adult_multi frc 3 0.8114250614250614 0.04646213291938317 0.02801738356460361 nan 0.008162645637658773 nan 0.017763943379899352 0.001 1
adult_multi frc 4 0.8006756756756757 0.01502536726320889 0.014049284592487384 nan 0.023028895469496158 nan 0.020293806756743075 0.001 1
adult_multi frc 5 0.7972972972972973 0.011677712113355585 0.020318116976636255 nan 0.030018657975978424 nan 0.018543240714611876 0.001 1
adult_multi frc 6 0.7936117936117936 0.013396675995397362 0.02607412296306371 nan 0.024724266444472204 nan 0.0068649069123044235 0.001 1
adult_multi frc 7 0.7997542997542998 0.016451685575132522 0.021174540140486264 nan 0.026135948897164037 nan 0.01650876489731287 0.001 1
adult_multi frc 8 0.7997542997542998 0.02159888837202093 0.011879051742667054 nan 0.031009986474027154 nan 0.024414773072124904 0.001 1
adult_multi frc 9 0.800982800982801 0.0338676609379069 0.02854621284893703 nan 0.01701019655130393 nan 0.006543637534794595 0.001 1
adult_multi frc 0 0.7589066339066339 0.0 0.0017686936393648996 nan 0.0 nan 0.0008031611814744298 1 1
adult_multi frc 1 0.7589066339066339 0.0 0.001388639292475079 nan 0.0 nan 0.0012457042722900714 1 1
adult_multi frc 2 0.7589066339066339 0.0 0.0009689529335130699 nan 0.0 nan 0.0015996738673113738 1 1
adult_multi frc 3 0.7589066339066339 0.0 0.002357872265109655 nan 0.0 nan 0.0019274970247395848 1 1
adult_multi frc 4 0.7589066339066339 0.0 0.0007657734248849593 nan 0.0 nan 0.0006473459869390697 1 1
adult_multi frc 5 0.7589066339066339 0.0 0.0013434669157666188 nan 0.0 nan 0.000991990950724283 1 1
adult_multi frc 6 0.7589066339066339 0.0 0.0010845360183945104 nan 0.0 nan 0.001108795753570284 1 1
adult_multi frc 7 0.7589066339066339 0.0 0.0004010543914130919 nan 0.0 nan 0.000806289836586382 1 1
adult_multi frc 8 0.7589066339066339 0.0 0.001896718229869791 nan 0.0 nan 0.0017995841239214455 1 1
adult_multi frc 9 0.7589066339066339 0.0 0.0012088553540113484 nan 0.0 nan 0.0010204982849022028 1 1
adult_multi frc 0 0.8227886977886978 0.07056217688988028 0.06751779477180084 nan 0.012476155339239577 nan 0.024891856925963046 0 0.1
adult_multi frc 1 0.8218673218673219 0.11395518180817558 0.09218726717730599 nan 0.03438469992973585 nan 0.03869610478349903 0 0.1
adult_multi frc 2 0.8237100737100738 0.054916399212703984 0.045291049838894065 nan 0.007900991490764045 nan 0.009356361432204677 0 0.1
adult_multi frc 3 0.8187960687960688 0.07556121017288259 0.06721053013128256 nan 0.008223352045183983 nan 0.01876435500907541 0 0.1
adult_multi frc 4 0.8224815724815725 0.126059670168936 0.0879779000159695 nan 0.05075794336554244 nan 0.0356177731577724 0 0.1
adult_multi frc 5 0.8144963144963145 0.05152798721522364 0.06709612316364812 nan 0.00811122312896605 nan 0.027309752828811436 0 0.1
adult_multi frc 6 0.8117321867321867 0.08015995555731556 0.04204475223836243 nan 0.017267967778376633 nan 0.007858327489264254 0 0.1
adult_multi frc 7 0.8101965601965602 0.029973729028205998 0.059076855513302585 nan 0.013764747832212373 nan 0.022756726484405264 0 0.1
adult_multi frc 8 0.8255528255528255 0.06864220444308503 0.07163071642407592 nan 0.014121685449895664 nan 0.028042161653014885 0 0.1
adult_multi frc 9 0.8261670761670762 0.06734543164033877 0.06832589855048944 nan 0.008623344767338968 nan 0.021094481424648738 0 0.1
adult_multi frc 0 0.8187960687960688 0.04380217360053306 0.05498780642338518 nan 0.017283758920308 nan 0.01509750433638055 0.0001 0.1
adult_multi frc 1 0.8037469287469288 0.04467574355655764 0.03371126981770049 nan 0.01963734913964383 nan 0.011306089399303262 0.0001 0.1
adult_multi frc 2 0.8101965601965602 0.02817866746550391 0.028300320980784655 nan 0.019314272818201073 nan 0.014005237073838443 0.0001 0.1
adult_multi frc 3 0.8098894348894349 0.0356543437331697 0.030136664388759407 nan 0.012616140544661519 nan 0.014664039744347683 0.0001 0.1
adult_multi frc 4 0.8123464373464373 0.04473263443195868 0.03810184848814967 nan 0.01041814753078656 nan 0.007332102878158389 0.0001 0.1
adult_multi frc 5 0.8031326781326781 0.021285818019042224 0.021795603084518833 nan 0.015364157137118816 nan 0.01931950823971968 0.0001 0.1
adult_multi frc 6 0.8003685503685504 0.06770946933335151 0.05357783739650303 nan 0.00750748018075722 nan 0.013699823735954401 0.0001 0.1
adult_multi frc 7 0.8141891891891891 0.03302190209301574 0.045189140092827165 nan 0.018345750242909534 nan 0.009619108169318569 0.0001 0.1
adult_multi frc 8 0.8098894348894349 0.016257714641125517 0.014978676032127965 nan 0.02754006702000545 nan 0.023221827815068458 0.0001 0.1
adult_multi frc 9 0.8194103194103194 0.024285680075064004 0.016712664144512467 nan 0.02657931857879771 nan 0.025561199016407878 0.0001 0.1
adult_multi frc 0 0.7997542997542998 0.012892039456710974 0.01255012975945834 nan 0.024815350841634422 nan 0.02572167391164539 0.001 0.1
adult_multi frc 1 0.8031326781326781 0.01971008286555273 0.011386015025320459 nan 0.026428208603831025 nan 0.026137934077856334 0.001 0.1
adult_multi frc 2 0.8000614250614251 0.013066225299203746 0.01616817190572067 nan 0.027456762403128197 nan 0.02001693083689176 0.001 0.1
adult_multi frc 3 0.8025184275184275 0.023062616816091792 0.012115763185224204 nan 0.019500330754145014 nan 0.02766368945492463 0.001 0.1
adult_multi frc 4 0.7972972972972973 0.012581731439213512 0.012208129327433655 nan 0.029150718375372517 nan 0.027391256165481305 0.001 0.1
adult_multi frc 5 0.7933046683046683 0.029677546013835432 0.014029032069097835 nan 0.03714208249824735 nan 0.029695678155292976 0.001 0.1
adult_multi frc 6 0.7994471744471745 0.011061733115572308 0.013727029799886598 nan 0.03495387640827584 nan 0.02563068893745533 0.001 0.1
adult_multi frc 7 0.8012899262899262 0.01361312482157858 0.01085288282901694 nan 0.03680516239355096 nan 0.02661251399364581 0.001 0.1
adult_multi frc 8 0.7960687960687961 0.01737011202040445 0.01293836746158721 nan 0.02778113387479217 nan 0.029220996680852 0.001 0.1
adult_multi frc 9 0.8043611793611793 0.01207591385759355 0.009657432544238067 nan 0.023234903190927823 nan 0.02738548728445617 0.001 0.1
adult_multi frc 0 0.7598280098280098 0.008729837587987208 0.020302759108452445 nan 0.004665806366225717 nan 0.011807622552269833 1 0.1
adult_multi frc 1 0.7589066339066339 0.0 0.0006989527741888914 nan 0.0 nan 0.0006023932663987341 1 0.1
adult_multi frc 2 0.7595208845208845 0.012648732871605076 0.021783570092781954 nan 0.007681875679590114 nan 0.010912157095846595 1 0.1
adult_multi frc 3 0.7610565110565111 0.00952564609556982 0.01973144069662905 nan 0.002624970928124122 nan 0.011359348261539608 1 0.1
adult_multi frc 4 0.7592137592137592 0.008530338936049158 0.017679216666843203 nan 0.006782654639568991 nan 0.012098106371468128 1 0.1
adult_multi frc 5 0.7635135135135135 0.019671632121594583 0.021569684077570664 nan 0.011307386947714822 nan 0.013253691806694563 1 0.1
adult_multi frc 6 0.7638206388206388 0.006900192484259635 0.0128072573061604 nan 0.003453071084869364 nan 0.005565561804352209 1 0.1
adult_multi frc 7 0.7641277641277642 0.02106683429401498 0.02358776669933054 nan 0.013575727868258752 nan 0.014141596567551113 1 0.1
adult_multi frc 8 0.7628992628992629 0.016123625293176763 0.022989354157919334 nan 0.005507830027463873 nan 0.013872284678605658 1 0.1
adult_multi frc 9 0.7598280098280098 0.0025682899099012607 0.009441322511537183 nan 0.001222343144084581 nan 0.00451329641617757 1 0.1