adult_multi frc 0 0.824017199017199 0.1384814692094622 0.1178917221561301 nan 0.046053640625484074 nan 0.062201853830723616 0 1
adult_multi frc 1 0.8172604422604423 0.08136311185247788 0.08838604098271802 nan 0.013321138673107236 nan 0.039058609298789085 0 1
adult_multi frc 2 0.816031941031941 0.10479521851703999 0.11128663623151674 nan 0.024619618184422924 nan 0.056090459529555686 0 1
adult_multi frc 3 0.8206388206388207 0.11181824349473819 0.11722080717778982 nan 0.030736523268246815 nan 0.0614447992298324 0 1
adult_multi frc 4 0.8221744471744472 0.10565504299055971 0.10139097241259104 nan 0.026379388301066304 nan 0.04632484187768471 0 1
adult_multi frc 5 0.8191031941031941 0.12511654822411722 0.11211353383717629 nan 0.04432894224943986 nan 0.06054582973641241 0 1
adult_multi frc 6 0.816031941031941 0.1277664369558178 0.12519059315779188 nan 0.03992782966359058 nan 0.06594477819779707 0 1
adult_multi frc 7 0.8215601965601965 0.0903019602386146 0.07951205552446255 nan 0.01611360097980862 nan 0.026014008645859347 0 1
adult_multi frc 8 0.8006756756756757 0.08774413877447207 0.11061402177914328 nan 0.024274233396453647 nan 0.05842154390385476 0 1
adult_multi frc 9 0.8141891891891891 0.1327023614208953 0.0877976452098955 nan 0.04005840816875557 nan 0.02977227599144792 0 1
adult_multi frc 0 0.8083538083538083 0.11191958220905387 0.08791134022629546 nan 0.033736185531653 nan 0.037764206802763475 0.001 1
adult_multi frc 1 0.7957616707616708 0.05064053208654028 0.043539281184862735 nan 0.005263380594417994 nan 0.015102739447386495 0.001 1
adult_multi frc 2 0.7960687960687961 0.07723877743806458 0.07498083652761683 nan 0.026535714610951337 nan 0.03866523458898313 0.001 1
adult_multi frc 3 0.7933046683046683 0.061555265891417396 0.051471833451333174 nan 0.009613125635078514 nan 0.016454065965719775 0.001 1
adult_multi frc 4 0.8086609336609336 0.09486650565607688 0.08170414711486529 nan 0.026100065084563088 nan 0.035531167065598585 0.001 1
adult_multi frc 5 0.8043611793611793 0.09230985591866855 0.09392314275898023 nan 0.02776093987026637 nan 0.047598844773620044 0.001 1
adult_multi frc 6 0.76504914004914 0.01719800105332762 0.03426306172695474 nan 0.007716518852077716 nan 0.018971370102092315 0.001 1
adult_multi frc 7 0.8040540540540541 0.0690200247761316 0.06262934764654189 nan 0.020000162471459804 nan 0.02955148116209622 0.001 1
adult_multi frc 8 0.7902334152334153 0.047300635174112454 0.07764590114149991 nan 0.0045950235775075714 nan 0.04597766632766466 0.001 1
adult_multi frc 9 0.7843980343980343 0.08535924599320552 0.06339536094353272 nan 0.0344300874098719 nan 0.032203706559654245 0.001 1
adult_multi frc 0 0.7807125307125307 0.04446153276892387 0.03281367036138037 nan 0.008183790048643667 nan 0.006862914249180171 0.01 1
adult_multi frc 1 0.7767199017199017 0.02690307604147614 0.026688948943653326 nan 0.002056598960018495 nan 0.010950869113226822 0.01 1
adult_multi frc 2 0.7831695331695332 0.05828587385643458 0.052302102713527664 nan 0.02417929885308555 nan 0.02465007605435298 0.01 1
adult_multi frc 3 0.7807125307125307 0.018071694572689985 0.020553594294494985 nan 0.011498624339499084 nan 0.006344276758938542 0.01 1
adult_multi frc 4 0.7896191646191646 0.032341757206728994 0.015863183211765892 nan 0.002933682190220092 nan 0.008128888467817307 0.01 1
adult_multi frc 5 0.7982186732186732 0.06504840065732584 0.05099705398125427 nan 0.018772368345886144 nan 0.01414972514738004 0.01 1
adult_multi frc 6 0.7521498771498771 0.007453624498901374 0.01522163590234385 nan 0.008114353314062303 nan 0.013177224148517559 0.01 1
adult_multi frc 7 0.7847051597051597 0.00827032433203934 0.007948926092493196 nan 0.007710738650989354 nan 0.013389855792842468 0.01 1
adult_multi frc 8 0.788083538083538 0.03795825005455952 0.05191778097385639 nan 0.007146255640460321 nan 0.025054226341234186 0.01 1
adult_multi frc 9 0.7856265356265356 0.03406466002274221 0.023154222227682666 nan 0.00454076277122124 nan 0.00575262247193925 0.01 1
adult_multi frc 0 0.7662776412776413 0.015103494798170157 0.008837876027396318 nan 0.0030852128518633107 nan 0.007933288213246062 0.1 1
adult_multi frc 1 0.7585995085995086 0.0037366769831994606 0.004346875885801394 nan 0.002892832537636204 nan 0.002846256204849509 0.1 1
adult_multi frc 2 0.7589066339066339 0.012864326223718515 0.008703312356778684 nan 0.009266028649378743 nan 0.0026978478924005044 0.1 1
adult_multi frc 3 0.7727272727272727 0.006858461351081488 0.004446602296285498 nan 0.006443137554326518 nan 0.005447989870262582 0.1 1
adult_multi frc 4 0.7628992628992629 0.005462798572170143 0.011122524464766883 nan 0.004017142685461847 nan 0.005259706303310779 0.1 1
adult_multi frc 5 0.7592137592137592 0.02150129774254848 0.012619892461361092 nan 0.013630033649707872 nan 0.005729841551589768 0.1 1
adult_multi frc 6 0.7607493857493858 0.011627605438879956 0.011197232507458386 nan 0.009827636004090527 nan 0.006192226162731395 0.1 1
adult_multi frc 7 0.7773341523341524 0.009566899038854226 0.0076457345215388845 nan 0.018640564188931313 nan 0.012384873739919516 0.1 1
adult_multi frc 8 0.7662776412776413 0.005447577192061864 0.004332634455613201 nan 0.009780711790092 nan 0.00802448108967056 0.1 1
adult_multi frc 9 0.7589066339066339 0.0 0.005638083216083953 nan 0.0 nan 0.006995438015474681 0.1 1

adult_multi frc 0 0.8252457002457002 0.1588637269826707 0.1544933571937396 nan 0.05903726990803186 nan 0.08525004181688121 0 0.1
adult_multi frc 1 0.8221744471744472 0.11521154000732856 0.13228198683752743 nan 0.029215404789885643 nan 0.07105990255118749 0 0.1
adult_multi frc 2 0.8234029484029484 0.1324014570213864 0.1254423235767163 nan 0.038545896919844655 nan 0.06321637149212783 0 0.1
adult_multi frc 3 0.8264742014742015 0.1251457258533753 0.1353674178148207 nan 0.03814371564027169 nan 0.07165303071487342 0 0.1
adult_multi frc 4 0.8341523341523341 0.16933543922884953 0.1439545875276783 nan 0.05908011956953394 nan 0.07240383297139698 0 0.1
adult_multi frc 5 0.8307739557739557 0.17252290268679507 0.15298687917793946 nan 0.07181584912611322 nan 0.0869277745223226 0 0.1
adult_multi frc 6 0.8234029484029484 0.14647594694144883 0.14477621161591406 nan 0.052530654957866754 nan 0.08425224652231716 0 0.1
adult_multi frc 7 0.8304668304668305 0.1643114583353866 0.14029902709267145 nan 0.06514020772238746 nan 0.0743669572362008 0 0.1
adult_multi frc 8 0.8390663390663391 0.15499003912172804 0.14993448851510105 nan 0.05319306534824398 nan 0.08283932031516675 0 0.1
adult_multi frc 9 0.8191031941031941 0.14422942020148038 0.12897359035846281 nan 0.0435972831092654 nan 0.06606988148115989 0 0.1
adult_multi frc 0 0.7834766584766585 0.053108638170835346 0.0405027706042874 nan 0.01034549140747351 nan 0.011704812294203192 0.001 0.1
adult_multi frc 1 0.7871621621621622 0.037132388083841075 0.03700306519463646 nan 0.004295941639476213 nan 0.012944350093943832 0.001 0.1
adult_multi frc 2 0.8012899262899262 0.0596514007959444 0.04979710846969147 nan 0.010246864486325839 nan 0.013672306023629597 0.001 0.1
adult_multi frc 3 0.8034398034398035 0.04052331116380052 0.052632858374183154 nan 0.01126022655690961 nan 0.016005007013029926 0.001 0.1
adult_multi frc 4 0.7963759213759214 0.052764755252105944 0.033289547030212474 nan 0.010620249049379568 nan 0.005042201923157361 0.001 0.1
adult_multi frc 5 0.808046683046683 0.09466379942207175 0.09864412984624601 nan 0.028284832256914277 nan 0.05728457573949285 0.001 0.1
adult_multi frc 6 0.7773341523341524 0.018136216897649354 0.035859357049360725 nan 0.011955696465651016 nan 0.014796392391567584 0.001 0.1
adult_multi frc 7 0.7920761670761671 0.0165489735495915 0.006597097529942028 nan 0.021706330014514646 nan 0.02225964150579007 0.001 0.1
adult_multi frc 8 0.7963759213759214 0.02948450829756753 0.025121166261459008 nan 0.017405268968768234 nan 0.01125827963835314 0.001 0.1
adult_multi frc 9 0.7914619164619164 0.059115442818953874 0.03402973251707361 nan 0.01323717771604701 nan 0.004987711015714477 0.001 0.1
adult_multi frc 0 0.769963144963145 0.025193011199109053 0.014216725673757305 nan 0.007138217542644204 nan 0.004717424404193097 0.01 0.1
adult_multi frc 1 0.789004914004914 0.01796756673000933 0.007237805867786901 nan 0.005928334683542375 nan 0.012051523683710057 0.01 0.1
adult_multi frc 2 0.7868550368550369 0.025537854299502512 0.027400354237645214 nan 0.009940189649578705 nan 0.007597177036639806 0.01 0.1
adult_multi frc 3 0.7957616707616708 0.07503676591213478 0.05921167830059703 nan 0.02464161178208965 nan 0.02759906807663468 0.01 0.1
adult_multi frc 4 0.7761056511056511 0.031806263452004185 0.029027212043256912 nan 0.010383338798496969 nan 0.012783754918285189 0.01 0.1
adult_multi frc 5 0.7886977886977887 0.04904167027210074 0.039637455982641207 nan 0.01844658518842509 nan 0.01597555707669525 0.01 0.1
adult_multi frc 6 0.769963144963145 0.00984666145068409 0.025531644802855913 nan 0.00911486577883797 nan 0.014819370698410968 0.01 0.1
adult_multi frc 7 0.8012899262899262 0.016903305696911043 0.011917154446016634 nan 0.02967748669080998 nan 0.024320193755942097 0.01 0.1
adult_multi frc 8 0.7847051597051597 0.04777238110633464 0.02937845505840671 nan 0.006754705511881827 nan 0.007522269370904069 0.01 0.1
adult_multi frc 9 0.7601351351351351 0.0038396629215362247 0.0037142796774681476 nan 0.0008180886395951142 nan 0.005838629175186597 0.01 0.1
adult_multi frc 0 0.7671990171990172 0.022157908394052267 0.009191276634770611 nan 0.025662736487136822 nan 0.016375948033575234 0.1 0.1
adult_multi frc 1 0.7718058968058968 0.017808623363492655 0.012716087852956297 nan 0.005723972585671471 nan 0.0025723039688939436 0.1 0.1
adult_multi frc 2 0.7613636363636364 0.05941151822979034 0.023208328019536546 nan 0.046272367472785625 nan 0.02881028197009684 0.1 0.1
adult_multi frc 3 0.7693488943488943 0.031402967964218 0.03563813480967514 nan 0.005285548618390778 nan 0.01689239660178338 0.1 0.1
adult_multi frc 4 0.7595208845208845 0.0012122592910215287 0.0025265362820354863 nan 0.0003314056010266614 nan 0.0039386870792008175 0.1 0.1
adult_multi frc 5 0.7724201474201474 0.017380898766095988 0.011050093568475994 nan 0.005310132297539168 nan 0.01451052439157648 0.1 0.1
adult_multi frc 6 0.7681203931203932 0.005692025463312047 0.0023866112136856424 nan 0.002016264593113106 nan 0.00536105847754899 0.1 0.1
adult_multi frc 7 0.7681203931203932 0.03008244474358315 0.015430452000209895 nan 0.03507085399474594 nan 0.02587250998899012 0.1 0.1
adult_multi frc 8 0.7804054054054054 0.030008113976736528 0.01920580686263744 nan 0.01479944199582479 nan 0.013808212203944452 0.1 0.1
adult_multi frc 9 0.773955773955774 0.015148552668739927 0.0087855735228112 nan 0.004623333062360468 nan 0.014311204979972085 0.1 0.1

