compas corr 1 0.7828200972447326 0.043440331294275936 0.0033822357654571533 0.11631944444444442 0.04996308146689632 0.02219250798225403 0.024174422025680542 0.01 0.02
compas corr 2 0.7374392220421394 0.016196842614197737 0.0015267133712768555 0.1597222222222222 0.09416687176962835 0.024130135774612427 0.022131294012069702 0.01 0.02
compas corr 3 0.7828200972447326 0.043440331294275936 0.0018101930618286133 0.11631944444444442 0.04996308146689632 0.01850050687789917 0.02066981792449951 0.01 0.02
compas corr 4 0.7358184764991896 0.0067583191440163115 0.002293825149536133 0.1232638888888889 0.096652719665272 0.022832363843917847 0.023282915353775024 0.01 0.02
compas corr 5 0.7844408427876823 0.04014000126127262 0.00035959482192993164 0.13194444444444442 0.04996308146689632 0.02237015962600708 0.022851943969726562 0.01 0.02
compas corr 6 0.7455429497568882 0.006211767673582613 0.0006627738475799561 0.10243055555555558 0.09416687176962835 0.025731921195983887 0.02472493052482605 0.01 0.02
compas corr 7 0.7844408427876823 0.04662504467007211 0.002945035696029663 0.109375 0.04996308146689632 0.018047690391540527 0.018918007612228394 0.01 0.02
compas corr 8 0.7811993517017828 0.04025561791847976 0.0010083317756652832 0.1232638888888889 0.04996308146689632 0.020496279001235962 0.022307008504867554 0.01 0.02
compas corr 9 0.7763371150729336 0.030817094448298332 0.001622527837753296 0.15104166666666669 0.04577898104848632 0.025125592947006226 0.020045936107635498 0.01 0.02
compas corr 10 0.773095623987034 0.024447667696705977 0.0007285475730895996 0.16493055555555558 0.04577898104848632 0.027214348316192627 0.01957404613494873 0.01 0.02
compas corr 11 0.7747163695299838 0.040486851232894 0.002349376678466797 0.10590277777777779 0.04996308146689632 0.024722695350646973 0.021844595670700073 0.01 0.02

compas corr 1 0.7714748784440842 0.04060246789010111 0.004635751247406006 0.09722222222222221 0.04996308146689632 0.015910089015960693 0.02392745018005371 0.02 0.02
compas corr 2 0.7520259319286872 0.008986567446553573 0.0029600560665130615 0.1423611111111111 0.05584543440807277 0.018960565328598022 0.02026769518852234 0.02 0.02
compas corr 3 0.779578606158833 0.03707090454268358 0.0005648136138916016 0.13020833333333331 0.04996308146689632 0.01724877953529358 0.0212286114692688 0.02 0.02
compas corr 4 0.7698541329011345 0.031048327762712574 0.0045680999755859375 0.1111111111111111 0.05584543440807277 0.021886974573135376 0.023821383714675903 0.02 0.02
compas corr 5 0.7860615883306321 0.036955287885476445 0.0006456077098846436 0.13194444444444442 0.05584543440807277 0.01197001338005066 0.01933532953262329 0.02 0.02
compas corr 6 0.7844408427876823 0.04662504467007211 0.005150109529495239 0.109375 0.04996308146689632 0.028561830520629883 0.02488476037979126 0.02 0.02
compas corr 7 0.7844408427876823 0.04014000126127262 0.0014400482177734375 0.13194444444444442 0.04996308146689632 0.013577848672866821 0.020363152027130127 0.02 0.02
compas corr 8 0.779578606158833 0.030701477791091225 0.003716796636581421 0.1371527777777778 0.05584543440807277 0.022481054067611694 0.02307245135307312 0.02 0.02
compas corr 9 0.7682333873581848 0.008524100817725089 0.005709469318389893 0.19270833333333331 0.05166133398966277 0.02768862247467041 0.02422085404396057 0.02 0.02
compas corr 10 0.7714748784440842 0.027863614386916397 0.0019847750663757324 0.13368055555555558 0.05166133398966277 0.023871958255767822 0.019183337688446045 0.02 0.02
compas corr 11 0.7698541329011345 0.01159319753631416 0.004846721887588501 0.17881944444444442 0.05584543440807277 0.025579750537872314 0.023004353046417236 0.02 0.02

compas corr 1 0.7455429497568882 0.029251014273401876 0.004945963621139526 0.0920138888888889 0.03492493231602256 0.012055903673171997 0.021496355533599854 0.03 0.02
compas corr 2 0.6871961102106969 0.03966702402724348 0.0004546642303466797 0.06597222222222221 0.00824513905980806 0.008748471736907959 0.011997640132904053 0.03 0.02
compas corr 3 0.7747163695299838 0.040486851232894 0.0034609436988830566 0.10590277777777779 0.04996308146689632 0.006816476583480835 0.016198664903640747 0.03 0.02
compas corr 4 0.766612641815235 0.03139517773433395 0.005681782960891724 0.11631944444444442 0.047477233571252775 0.019763141870498657 0.022129833698272705 0.03 0.02
compas corr 5 0.6823338735818476 0.030228500557062075 0.001361072063446045 0.03819444444444445 0.0040610386413979516 0.006566047668457031 0.013002097606658936 0.03 0.02
compas corr 6 0.773095623987034 0.03741775451430493 0.002092987298965454 0.11979166666666669 0.04577898104848632 0.0246448814868927 0.018990010023117065 0.03 0.02
compas corr 7 0.7649918962722853 0.04083370120451535 0.0015004277229309082 0.0798611111111111 0.04996308146689632 0.011958777904510498 0.018398970365524292 0.03 0.02
compas corr 8 0.7520259319286872 0.028441697672952015 0.002339571714401245 0.07465277777777779 0.05584543440807277 0.018192678689956665 0.020089924335479736 0.03 0.02
compas corr 9 0.766612641815235 0.005223770784721804 0.005005002021789551 0.19270833333333331 0.05584543440807277 0.024812012910842896 0.022241443395614624 0.03 0.02
compas corr 10 0.7601296596434359 0.005570620756343153 0.0015602707862854004 0.18229166666666669 0.05166133398966277 0.01954120397567749 0.01828402280807495 0.03 0.02
compas corr 11 0.7487844408427877 0.003636669399424003 0.006483852863311768 0.1701388888888889 0.05754368693083922 0.027855366468429565 0.022582411766052246 0.03 0.02

compas corr 1 0.6628849270664505 0.0 0.003060668706893921 0.0 0.0 0.009796321392059326 0.014203369617462158 0.04 0.02
compas corr 2 0.6628849270664505 0.0 0.0005810856819152832 0.0 0.0 0.0052939653396606445 0.0054219067096710205 0.04 0.02
compas corr 3 0.7293354943273906 0.011414517247903128 0.0053153932094573975 0.1111111111111111 0.027467388629091816 0.001070857048034668 0.013316214084625244 0.04 0.02
compas corr 4 0.6807131280388979 0.02773748712450863 0.0029792487621307373 0.034722222222222224 0.0009106571498892491 0.0147494375705719 0.014242082834243774 0.04 0.02
compas corr 5 0.6628849270664505 0.0 0.0023128092288970947 0.0 0.0 0.005853623151779175 0.006721943616867065 0.04 0.02
compas corr 6 0.7244732576985413 0.030680456580689908 0.0021971464157104492 0.2152777777777778 0.04171794240708837 0.017703920602798462 0.01629847288131714 0.04 0.02
compas corr 7 0.7617504051863857 0.040949317861722484 0.001360863447189331 0.07118055555555558 0.04996308146689632 0.008861958980560303 0.01791316270828247 0.04 0.02
compas corr 8 0.6936790923824959 0.0006306363120388431 0.002770453691482544 0.017361111111111105 0.050086143243908476 0.01527664065361023 0.018657445907592773 0.04 0.02
compas corr 9 0.7536466774716369 0.00022072270921358328 0.004286527633666992 0.1701388888888889 0.05505783903519568 0.023080497980117798 0.01777854561805725 0.04 0.02
compas corr 10 0.6807131280388979 0.03491623047655084 0.0007492005825042725 0.060763888888888895 0.00588235294117645 0.010052621364593506 0.0131550133228302 0.04 0.02
compas corr 11 0.6677471636952999 0.04417607365832125 0.004638463258743286 0.09375 0.04681269997538773 0.020539671182632446 0.018198907375335693 0.04 0.02

compas corr 1 0.6628849270664505 0.0 0.00011327862739562988 0.0 0.0 0.001764535903930664 0.002176731824874878 0.05 0.02
compas corr 2 0.6628849270664505 0.0 0.0013675987720489502 0.0 0.0 0.0011268258094787598 0.001396268606185913 0.05 0.02
compas corr 3 0.6677471636952999 0.01592356687898089 0.006200671195983887 0.027777777777777776 0.00588235294117645 0.013959616422653198 0.003089994192123413 0.05 0.02
compas corr 4 0.6726094003241491 0.018414580311534336 0.003127485513687134 0.03819444444444445 0.004971695791287312 0.01250419020652771 0.012832492589950562 0.05 0.02
compas corr 5 0.6628849270664505 0.0 0.0029608309268951416 0.0 0.0 0.002537459135055542 0.004916399717330933 0.05 0.02
compas corr 6 0.7098865478119936 0.013264383763217077 0.0022464096546173096 0.08333333333333334 0.005759291164164404 0.016151070594787598 0.01540479063987732 0.05 0.02
compas corr 7 0.7244732576985413 0.03125853986672553 0.0009341835975646973 0.203125 0.05257199113955202 0.018314212560653687 0.015467137098312378 0.05 0.02
compas corr 8 0.6855753646677472 0.0364823106514473 0.0025770962238311768 0.05902777777777779 0.00824513905980806 0.013312935829162598 0.015936464071273804 0.05 0.02
compas corr 9 0.6823338735818476 0.024552773748712453 0.005122572183609009 0.034722222222222224 0.004971695791287312 0.017370879650115967 0.017041802406311035 0.05 0.02
compas corr 10 0.6645056726094003 0.0031847133757961785 0.00010535120964050293 0.006944444444444444 0.0 0.008344292640686035 0.010165661573410034 0.05 0.02
compas corr 11 0.6855753646677472 0.005675726808349626 0.005685687065124512 0.03819444444444445 0.0 0.0201016366481781 0.015196233987808228 0.05 0.02
