compas fair-scale 0 0.7552674230145867 0.0805532782577621 0.08055327832698822 0.00868055555555558 0.013093773074083215 0.008680552244186401 0.013093769550323486 1e-07 0
compas fair-scale 0 0.7552674230145867 0.0805532782577621 0.08055327832698822 0.00868055555555558 0.013093773074083215 0.008680552244186401 0.013093769550323486 1e-07 0
compas fair-scale 1 0.7260940032414911 0.06468226440478443 0.06468226760625839 0.06944444444444442 0.011641644105340854 0.0694444477558136 0.011641643941402435 1e-07 0
compas fair-scale 4 0.7536466774716369 0.1505644194992748 0.15056441724300385 0.05381944444444442 0.041004184100418395 0.05381941795349121 0.041004180908203125 0 0
compas fair-scale 4 0.7536466774716369 0.1505644194992748 0.15056441724300385 0.05381944444444442 0.041004184100418395 0.05381941795349121 0.041004180908203125 0.0001 0
compas fair-scale 4 0.7536466774716369 0.1505644194992748 0.15056441724300385 0.05381944444444442 0.041004184100418395 0.05381941795349121 0.041004180908203125 0.01 0
compas fair-scale 2 0.6969205834683955 0.0777679678795905 0.07776796072721481 0.045138888888888895 0.04548363278365741 0.0451388955116272 0.04548363573849201 0.01 0
compas fair-scale 2 0.6969205834683955 0.0777679678795905 0.07776796072721481 0.045138888888888895 0.04548363278365741 0.0451388955116272 0.04548363573849201 0.0001 0
compas fair-scale 2 0.6969205834683955 0.0777679678795905 0.07776796072721481 0.045138888888888895 0.04548363278365741 0.0451388955116272 0.04548363573849201 0.001 0
compas fair-scale 2 0.6969205834683955 0.0777679678795905 0.07776796072721481 0.045138888888888895 0.04548363278365741 0.0451388955116272 0.04548363573849201 0.001 0
compas fair-scale 2 0.7293354943273906 0.15223560572617773 0.15223559737205505 0.18055555555555558 0.04651735171055871 0.1805555522441864 0.046517349779605865 100.0 0
compas fair-scale 2 0.7293354943273906 0.15223560572617773 0.15223559737205505 0.18055555555555558 0.04651735171055871 0.1805555522441864 0.046517349779605865 1000000.0 0
compas fair-scale 0 0.7536466774716369 0.10886884866830632 0.10886883735656738 0.057291666666666685 0.003765690376569042 0.057291656732559204 0.003765694797039032 1000000.0 0
compas fair-scale 0 0.7552674230145867 0.0805532782577621 0.08055327832698822 0.00868055555555558 0.013093773074083215 0.008680552244186401 0.013093769550323486 0 0
compas fair-scale 1 0.7260940032414911 0.06468226440478443 0.06468226760625839 0.06944444444444442 0.011641644105340854 0.0694444477558136 0.011641643941402435 0 0
compas fair-scale 2 0.6969205834683955 0.0777679678795905 0.07776796072721481 0.045138888888888895 0.04548363278365741 0.0451388955116272 0.04548363573849201 0 0
compas fair-scale 3 0.7341977309562399 0.10538983834689203 0.10538983345031738 0.10590277777777779 0.016982525227664302 0.1059027910232544 0.01698252558708191 0 0
compas fair-scale 4 0.7536466774716369 0.1505644194992748 0.15056441724300385 0.05381944444444442 0.041004184100418395 0.05381941795349121 0.041004180908203125 0 0
compas fair-scale 5 0.6434359805510534 0.16584683946101614 0.16584685444831848 0.19791666666666669 0.11329067191730247 0.1979166567325592 0.1132906824350357 0 0
compas fair-scale 6 0.7260940032414911 0.13254924218536504 0.1325492411851883 0.1423611111111111 0.033965050455328605 0.1423611044883728 0.03396505117416382 0 0
compas fair-scale 7 0.6628849270664505 0.12901767883794749 0.1290176957845688 0.1371527777777778 0.08284518828451881 0.1371527910232544 0.08284518867731094 0 0
compas fair-scale 8 0.7747163695299838 0.14922957263879252 0.14922957122325897 0.05208333333333337 0.036573960127984306 0.05208331346511841 0.03657396882772446 0 0
compas fair-scale 9 0.7763371150729336 0.08396922494797252 0.08396922051906586 0.02430555555555558 0.009820329805562356 0.0243055522441864 0.009820330888032913 0 0
compas fair-scale 0 0.7552674230145867 0.0805532782577621 0.08055327832698822 0.00868055555555558 0.013093773074083215 0.008680552244186401 0.013093769550323486 0.001 0
compas fair-scale 1 0.7260940032414911 0.06468226440478443 0.06468226760625839 0.06944444444444442 0.011641644105340854 0.0694444477558136 0.011641643941402435 0.001 0
compas fair-scale 2 0.6969205834683955 0.0777679678795905 0.07776796072721481 0.045138888888888895 0.04548363278365741 0.0451388955116272 0.04548363573849201 0.001 0
compas fair-scale 3 0.7341977309562399 0.10538983834689203 0.10538983345031738 0.10590277777777779 0.016982525227664302 0.1059027910232544 0.01698252558708191 0.001 0
compas fair-scale 4 0.7536466774716369 0.1505644194992748 0.15056441724300385 0.05381944444444442 0.041004184100418395 0.05381941795349121 0.041004180908203125 0.001 0
compas fair-scale 5 0.6434359805510534 0.16584683946101614 0.16584685444831848 0.19791666666666669 0.11329067191730247 0.1979166567325592 0.1132906824350357 0.001 0
compas fair-scale 6 0.7260940032414911 0.13254924218536504 0.1325492411851883 0.1423611111111111 0.033965050455328605 0.1423611044883728 0.03396505117416382 0.001 0
compas fair-scale 7 0.6628849270664505 0.12901767883794749 0.1290176957845688 0.1371527777777778 0.08284518828451881 0.1371527910232544 0.08284518867731094 0.001 0
compas fair-scale 8 0.7747163695299838 0.14922957263879252 0.14922957122325897 0.05208333333333337 0.036573960127984306 0.05208331346511841 0.03657396882772446 0.001 0
compas fair-scale 9 0.7763371150729336 0.08396922494797252 0.08396922051906586 0.02430555555555558 0.009820329805562356 0.0243055522441864 0.009820330888032913 0.001 0
compas fair-scale 0 0.7552674230145867 0.0805532782577621 0.08055327832698822 0.00868055555555558 0.013093773074083215 0.008680552244186401 0.013093769550323486 0.01 0
compas fair-scale 1 0.7260940032414911 0.06468226440478443 0.06468226760625839 0.06944444444444442 0.011641644105340854 0.0694444477558136 0.011641643941402435 0.01 0
compas fair-scale 2 0.6969205834683955 0.0777679678795905 0.07776796072721481 0.045138888888888895 0.04548363278365741 0.0451388955116272 0.04548363573849201 0.01 0
compas fair-scale 3 0.7341977309562399 0.10538983834689203 0.10538983345031738 0.10590277777777779 0.016982525227664302 0.1059027910232544 0.01698252558708191 0.01 0
compas fair-scale 4 0.7536466774716369 0.1505644194992748 0.15056441724300385 0.05381944444444442 0.041004184100418395 0.05381941795349121 0.041004180908203125 0.01 0
compas fair-scale 5 0.6434359805510534 0.16584683946101614 0.16584685444831848 0.19791666666666669 0.11329067191730247 0.1979166567325592 0.1132906824350357 0.01 0
compas fair-scale 6 0.7260940032414911 0.13254924218536504 0.1325492411851883 0.1423611111111111 0.033965050455328605 0.1423611044883728 0.03396505117416382 0.01 0
compas fair-scale 7 0.6628849270664505 0.12901767883794749 0.1290176957845688 0.1371527777777778 0.08284518828451881 0.1371527910232544 0.08284518867731094 0.01 0
compas fair-scale 8 0.7747163695299838 0.14922957263879252 0.14922957122325897 0.05208333333333337 0.036573960127984306 0.05208331346511841 0.03657396882772446 0.01 0
compas fair-scale 9 0.7763371150729336 0.08396922494797252 0.08396922051906586 0.02430555555555558 0.009820329805562356 0.0243055522441864 0.009820330888032913 0.01 0
compas fair-scale 0 0.7374392220421394 0.07829349813962289 0.07829348742961884 0.046875 0.010607925178439559 0.046875 0.010607920587062836 0.1 0
compas fair-scale 1 0.7260940032414911 0.06468226440478443 0.06468226760625839 0.06944444444444442 0.011641644105340854 0.0694444477558136 0.011641643941402435 0.1 0
compas fair-scale 2 0.6936790923824959 0.07788358453679763 0.07788358628749847 0.05381944444444445 0.04548363278365741 0.0538194477558136 0.04548363573849201 0.1 0
compas fair-scale 3 0.7341977309562399 0.10538983834689203 0.10538983345031738 0.10590277777777779 0.016982525227664302 0.1059027910232544 0.01698252558708191 0.1 0
compas fair-scale 4 0.7536466774716369 0.1505644194992748 0.15056441724300385 0.05381944444444442 0.041004184100418395 0.05381941795349121 0.041004180908203125 0.1 0
compas fair-scale 5 0.6418152350081038 0.16266212608521996 0.16266211867332458 0.1909722222222222 0.11329067191730247 0.1909722089767456 0.1132906824350357 0.1 0
compas fair-scale 6 0.7277147487844409 0.12299510205797651 0.12299510836601257 0.13541666666666669 0.022200344572975594 0.1354166567325592 0.022200345993041992 0.1 0
compas fair-scale 7 0.6628849270664505 0.12901767883794749 0.1290176957845688 0.1371527777777778 0.08284518828451881 0.1371527910232544 0.08284518867731094 0.1 0
compas fair-scale 8 0.7747163695299838 0.14922957263879252 0.14922957122325897 0.05208333333333337 0.036573960127984306 0.05208331346511841 0.03657396882772446 0.1 0
compas fair-scale 9 0.7763371150729336 0.08396922494797252 0.08396922051906586 0.02430555555555558 0.009820329805562356 0.0243055522441864 0.009820330888032913 0.1 0
compas fair-scale 0 0.7374392220421394 0.09717054507998571 0.09717054665088654 0.08159722222222221 0.0013290671917302044 0.0815972089767456 0.0013290643692016602 1 0
compas fair-scale 1 0.7811993517017828 0.07997519497172648 0.0799752026796341 0.036458333333333315 0.020674378538026117 0.036458343267440796 0.020674381405115128 1 0
compas fair-scale 2 0.7260940032414911 0.12768283197746527 0.12768283486366272 0.11284722222222221 0.05227664287472311 0.1128472089767456 0.052276644855737686 1 0
compas fair-scale 3 0.7439222042139384 0.1108343318408274 0.11083433032035828 0.09895833333333331 0.01201082943637699 0.0989583432674408 0.012010831385850906 1 0
compas fair-scale 4 0.7552674230145867 0.15374913287507097 0.15374912321567535 0.06076388888888884 0.041004184100418395 0.0607638955116272 0.041004180908203125 1 0
compas fair-scale 5 0.6888168557536467 0.12901767883794749 0.1290176957845688 0.14756944444444442 0.05591927147428011 0.1475694477558136 0.05591927468776703 1 0
compas fair-scale 6 0.7260940032414911 0.09433268167581091 0.09433268010616302 0.05555555555555558 0.0188038395274428 0.0555555522441864 0.01880384236574173 1 0
compas fair-scale 7 0.6726094003241491 0.14766349246389607 0.14766348898410797 0.16145833333333331 0.08624169333005172 0.1614583432674408 0.0862416923046112 1 0
compas fair-scale 8 0.7828200972447326 0.15264551932900294 0.1526455283164978 0.05902777777777779 0.0331774550824514 0.059027791023254395 0.033177465200424194 1 0
compas fair-scale 9 0.779578606158833 0.08385360829076538 0.08385361731052399 0.032986111111111105 0.009820329805562356 0.0329861044883728 0.009820330888032913 1 0
compas fair-scale 0 0.7536466774716369 0.10886884866830632 0.10886883735656738 0.057291666666666685 0.003765690376569042 0.057291656732559204 0.003765694797039032 10 0
compas fair-scale 1 0.7601296596434359 0.0758655483382733 0.07586553692817688 0.029513888888888895 0.01885306423824762 0.029513895511627197 0.01885306090116501 10 0
compas fair-scale 2 0.7293354943273906 0.15223560572617773 0.15223559737205505 0.18055555555555558 0.04651735171055871 0.1805555522441864 0.046517349779605865 10 0
compas fair-scale 3 0.7893030794165316 0.127630278951462 0.1276302933692932 0.01736111111111116 0.014619739109032692 0.017361104488372803 0.01461973786354065 10 0
compas fair-scale 4 0.7552674230145867 0.15374913287507097 0.15374912321567535 0.06076388888888884 0.041004184100418395 0.0607638955116272 0.041004180908203125 10 0
compas fair-scale 5 0.6952998379254457 0.14187214899833933 0.14187213778495789 0.14583333333333331 0.07016982525227655 0.1458333432674408 0.0701698288321495 10 0
compas fair-scale 6 0.7260940032414911 0.09433268167581091 0.09433268010616302 0.05555555555555558 0.0188038395274428 0.0555555522441864 0.01880384236574173 10 0
compas fair-scale 7 0.6904376012965965 0.17505412961678332 0.175054132938385 0.19444444444444442 0.08466650258429742 0.1944444179534912 0.08466650545597076 10 0
compas fair-scale 8 0.7828200972447326 0.13990666582581823 0.13990667462348938 0.04513888888888884 0.021412749200098502 0.0451388955116272 0.02141275256872177 10 0
compas fair-scale 9 0.779578606158833 0.08964495175632212 0.08964495360851288 0.013888888888888895 0.014792025596849667 0.013888895511627197 0.014792025089263916 10 0
compas fair-scale 0 0.7536466774716369 0.10886884866830632 0.10886883735656738 0.057291666666666685 0.003765690376569042 0.057291656732559204 0.003765694797039032 100 0
compas fair-scale 1 0.7552674230145867 0.07244960164806288 0.07244960963726044 0.029513888888888895 0.021338912133891275 0.029513895511627197 0.02133890986442566 100 0
compas fair-scale 2 0.7293354943273906 0.15223560572617773 0.15223559737205505 0.18055555555555558 0.04651735171055871 0.1805555522441864 0.046517349779605865 100 0
compas fair-scale 3 0.7909238249594813 0.13081499232725818 0.13081499934196472 0.02430555555555558 0.014619739109032692 0.02430558204650879 0.01461973786354065 100 0
compas fair-scale 4 0.7552674230145867 0.15374913287507097 0.15374912321567535 0.06076388888888884 0.041004184100418395 0.0607638955116272 0.041004180908203125 100 0
compas fair-scale 5 0.6952998379254457 0.14187214899833933 0.14187213778495789 0.14583333333333331 0.07016982525227655 0.1458333432674408 0.0701698288321495 100 0
compas fair-scale 6 0.7260940032414911 0.09433268167581091 0.09433268010616302 0.05555555555555558 0.0188038395274428 0.0555555522441864 0.01880384236574173 100 0
compas fair-scale 7 0.6904376012965965 0.17505412961678332 0.175054132938385 0.19444444444444442 0.08466650258429742 0.1944444179534912 0.08466650545597076 100 0
compas fair-scale 8 0.7828200972447326 0.13990666582581823 0.13990667462348938 0.04513888888888884 0.021412749200098502 0.0451388955116272 0.02141275256872177 100 0
compas fair-scale 9 0.779578606158833 0.08964495175632212 0.08964495360851288 0.013888888888888895 0.014792025596849667 0.013888895511627197 0.014792025089263916 100 0
compas fair-scale 0 0.7536466774716369 0.10886884866830632 0.10886883735656738 0.057291666666666685 0.003765690376569042 0.057291656732559204 0.003765694797039032 1000 0
compas fair-scale 1 0.7568881685575365 0.07563431502385906 0.07563431560993195 0.02256944444444442 0.021338912133891275 0.0225694477558136 0.02133890986442566 1000 0
compas fair-scale 2 0.7293354943273906 0.15223560572617773 0.15223559737205505 0.18055555555555558 0.04651735171055871 0.1805555522441864 0.046517349779605865 1000 0
compas fair-scale 3 0.7909238249594813 0.13081499232725818 0.13081499934196472 0.02430555555555558 0.014619739109032692 0.02430558204650879 0.01461973786354065 1000 0
compas fair-scale 4 0.7552674230145867 0.15374913287507097 0.15374912321567535 0.06076388888888884 0.041004184100418395 0.0607638955116272 0.041004180908203125 1000 0
compas fair-scale 5 0.6952998379254457 0.14187214899833933 0.14187213778495789 0.14583333333333331 0.07016982525227655 0.1458333432674408 0.0701698288321495 1000 0
compas fair-scale 6 0.7260940032414911 0.09433268167581091 0.09433268010616302 0.05555555555555558 0.0188038395274428 0.0555555522441864 0.01880384236574173 1000 0
compas fair-scale 7 0.6904376012965965 0.17505412961678332 0.175054132938385 0.19444444444444442 0.08466650258429742 0.1944444179534912 0.08466650545597076 1000 0
compas fair-scale 8 0.7828200972447326 0.13990666582581823 0.13990667462348938 0.04513888888888884 0.021412749200098502 0.0451388955116272 0.02141275256872177 1000 0
compas fair-scale 9 0.779578606158833 0.08964495175632212 0.08964495360851288 0.013888888888888895 0.014792025596849667 0.013888895511627197 0.014792025089263916 1000 0
compas fair-scale 11 0.6434359805510534 0.2329150112463475 0.2329149842262268 0.05381944444444442 0.19729264090573467 0.05381941795349121 0.19729265570640564 0 0
compas fair-scale 11 0.6434359805510534 0.2329150112463475 0.2329149842262268 0.05381944444444442 0.19729264090573467 0.05381941795349121 0.19729265570640564 0.001 0
compas fair-scale 1 0.7260940032414911 0.06468226440478443 0.06468226760625839 0.06944444444444442 0.011641644105340854 0.0694444477558136 0.011641643941402435 0.001 0
compas fair-scale 66 0.6855753646677472 0.09902041159529965 0.09902040660381317 0.0625 0.06913610632537537 0.0625 0.0691361054778099 0.001 0
compas fair-scale 14 0.6985413290113452 0.1478947257783103 0.1478947401046753 0.1579861111111111 0.06768397735663312 0.1579861044883728 0.06768397986888885 1000.0 0
compas fair-scale 14 0.6985413290113452 0.1478947257783103 0.1478947401046753 0.1579861111111111 0.06768397735663312 0.1579861044883728 0.06768397986888885 1000.0 0
compas fair-scale 14 0.6661264181523501 0.07273338798848036 0.07273338735103607 0.0642361111111111 0.04154565591927151 0.0642361044883728 0.04154566675424576 1e-07 0
compas fair-scale 14 0.6661264181523501 0.06440948927975879 0.06440949045635079 0.09429365415215799 0.032603020298791086 0.09429365071472001 0.03260302300527995 1e-07 0
compas_M
compas fair-scale 0 0.7552674230145867 0.06569413525731038 0.06569413586928416 0.04159071827912331 0.027639757567085404 0.04159072432457267 0.02763975819547075 0.001 0
compas fair-scale 1 0.7260940032414911 0.06058807818068454 0.06058807994687446 0.09140425789883724 0.01641198209215185 0.09140425653151285 0.01641198258641567 0.001 0
compas fair-scale 2 0.6969205834683955 0.06427031747775117 0.06427031798534608 0.03593180568377659 0.042047480284581995 0.03593180666297113 0.04204747981237554 0.001 0
compas fair-scale 3 0.7341977309562399 0.09119520892371094 0.09119520778865611 0.09543635642209095 0.025323368161986992 0.09543635767570946 0.0253233668853165 0.001 0
compas fair-scale 4 0.7536466774716369 0.11348031143295971 0.1134803195454272 0.05552509491265163 0.042749456437359924 0.05552508636940057 0.04274945512337103 0.001 0
compas fair-scale 5 0.6434359805510534 0.14377760711698775 0.14377760305811732 0.18273687527816734 0.09620668835377197 0.18273687424293128 0.09620668230408308 0.001 0
compas fair-scale 6 0.7260940032414911 0.10848757836966041 0.10848757963077202 0.12116501215832981 0.03581422514661963 0.12116500481748405 0.03581422513027524 0.001 0
compas fair-scale 7 0.6628849270664505 0.10353320198985588 0.1035332003978941 0.11659568893741921 0.06427210838484537 0.11659568531852693 0.06427210641627151 0.001 0
compas fair-scale 8 0.7747163695299838 0.11413835393214665 0.11413835262421917 0.04849555516407781 0.02899139302468216 0.04849553654202032 0.028991390870709455 0.001 0
compas fair-scale 9 0.7763371150729336 0.0675243660899007 0.06752436581609286 0.06675736634758535 0.015930759930189924 0.06675736882179206 0.015930760223805962 0.001 0
compas fair-scale 0 0.7552674230145867 0.0805532782577621 0.08055327832698822 0.00868055555555558 0.013093773074083215 0.008680552244186401 0.013093769550323486 0.001 0
compas fair-scale_old 0 0.7552674230145867 0.0805532782577621 0.08055327832698822 0.00868055555555558 0.013093773074083215 0.008680552244186401 0.013093769550323486 0 0
compas fair-scale_old 1 0.7260940032414911 0.06468226440478443 0.06468226760625839 0.06944444444444442 0.011641644105340854 0.0694444477558136 0.011641643941402435 0 0
compas fair-scale_old 2 0.6969205834683955 0.0777679678795905 0.07776796072721481 0.045138888888888895 0.04548363278365741 0.0451388955116272 0.04548363573849201 0 0
compas fair-scale_old 3 0.7341977309562399 0.10538983834689203 0.10538983345031738 0.10590277777777779 0.016982525227664302 0.1059027910232544 0.01698252558708191 0 0
compas fair-scale_old 4 0.7536466774716369 0.1505644194992748 0.15056441724300385 0.05381944444444442 0.041004184100418395 0.05381941795349121 0.041004180908203125 0 0
compas fair-scale_old 5 0.6434359805510534 0.16584683946101614 0.16584685444831848 0.19791666666666669 0.11329067191730247 0.1979166567325592 0.1132906824350357 0 0
compas fair-scale_old 6 0.7260940032414911 0.13254924218536504 0.1325492411851883 0.1423611111111111 0.033965050455328605 0.1423611044883728 0.03396505117416382 0 0
compas fair-scale_old 7 0.6628849270664505 0.12901767883794749 0.1290176957845688 0.1371527777777778 0.08284518828451881 0.1371527910232544 0.08284518867731094 0 0
compas fair-scale_old 8 0.7747163695299838 0.14922957263879252 0.14922957122325897 0.05208333333333337 0.036573960127984306 0.05208331346511841 0.03657396882772446 0 0
compas fair-scale_old 9 0.7763371150729336 0.08396922494797252 0.08396922051906586 0.02430555555555558 0.009820329805562356 0.0243055522441864 0.009820330888032913 0 0
compas fair-scale_old 0 0.7552674230145867 0.0805532782577621 0.08055327832698822 0.00868055555555558 0.013093773074083215 0.008680552244186401 0.013093769550323486 0.001 0
compas fair-scale_old 1 0.7260940032414911 0.06468226440478443 0.06468226760625839 0.06944444444444442 0.011641644105340854 0.0694444477558136 0.011641643941402435 0.001 0
compas fair-scale_old 2 0.6969205834683955 0.0777679678795905 0.07776796072721481 0.045138888888888895 0.04548363278365741 0.0451388955116272 0.04548363573849201 0.001 0
compas fair-scale_old 3 0.7341977309562399 0.10538983834689203 0.10538983345031738 0.10590277777777779 0.016982525227664302 0.1059027910232544 0.01698252558708191 0.001 0
compas fair-scale_old 4 0.7536466774716369 0.1505644194992748 0.15056441724300385 0.05381944444444442 0.041004184100418395 0.05381941795349121 0.041004180908203125 0.001 0
compas fair-scale_old 5 0.6434359805510534 0.16584683946101614 0.16584685444831848 0.19791666666666669 0.11329067191730247 0.1979166567325592 0.1132906824350357 0.001 0
compas fair-scale_old 6 0.7260940032414911 0.13254924218536504 0.1325492411851883 0.1423611111111111 0.033965050455328605 0.1423611044883728 0.03396505117416382 0.001 0
compas fair-scale_old 7 0.6628849270664505 0.12901767883794749 0.1290176957845688 0.1371527777777778 0.08284518828451881 0.1371527910232544 0.08284518867731094 0.001 0
compas fair-scale_old 8 0.7747163695299838 0.14922957263879252 0.14922957122325897 0.05208333333333337 0.036573960127984306 0.05208331346511841 0.03657396882772446 0.001 0
compas fair-scale_old 9 0.7763371150729336 0.08396922494797252 0.08396922051906586 0.02430555555555558 0.009820329805562356 0.0243055522441864 0.009820330888032913 0.001 0
compas fair-scale_old 0 0.7552674230145867 0.0805532782577621 0.08055327832698822 0.00868055555555558 0.013093773074083215 0.008680552244186401 0.013093769550323486 0.01 0
compas fair-scale_old 1 0.7260940032414911 0.06468226440478443 0.06468226760625839 0.06944444444444442 0.011641644105340854 0.0694444477558136 0.011641643941402435 0.01 0
compas fair-scale_old 2 0.6969205834683955 0.0777679678795905 0.07776796072721481 0.045138888888888895 0.04548363278365741 0.0451388955116272 0.04548363573849201 0.01 0
compas fair-scale_old 3 0.7341977309562399 0.10538983834689203 0.10538983345031738 0.10590277777777779 0.016982525227664302 0.1059027910232544 0.01698252558708191 0.01 0
compas fair-scale_old 4 0.7536466774716369 0.1505644194992748 0.15056441724300385 0.05381944444444442 0.041004184100418395 0.05381941795349121 0.041004180908203125 0.01 0
compas fair-scale_old 5 0.6434359805510534 0.16584683946101614 0.16584685444831848 0.19791666666666669 0.11329067191730247 0.1979166567325592 0.1132906824350357 0.01 0
compas fair-scale_old 6 0.7260940032414911 0.13254924218536504 0.1325492411851883 0.1423611111111111 0.033965050455328605 0.1423611044883728 0.03396505117416382 0.01 0
compas fair-scale_old 7 0.6628849270664505 0.12901767883794749 0.1290176957845688 0.1371527777777778 0.08284518828451881 0.1371527910232544 0.08284518867731094 0.01 0
compas fair-scale_old 8 0.7747163695299838 0.14922957263879252 0.14922957122325897 0.05208333333333337 0.036573960127984306 0.05208331346511841 0.03657396882772446 0.01 0
compas fair-scale_old 9 0.7763371150729336 0.08396922494797252 0.08396922051906586 0.02430555555555558 0.009820329805562356 0.0243055522441864 0.009820330888032913 0.01 0
compas fair-scale_old 0 0.7374392220421394 0.07829349813962289 0.07829348742961884 0.046875 0.010607925178439559 0.046875 0.010607920587062836 0.1 0
compas fair-scale_old 1 0.7260940032414911 0.06468226440478443 0.06468226760625839 0.06944444444444442 0.011641644105340854 0.0694444477558136 0.011641643941402435 0.1 0
compas fair-scale_old 2 0.6936790923824959 0.07788358453679763 0.07788358628749847 0.05381944444444445 0.04548363278365741 0.0538194477558136 0.04548363573849201 0.1 0
compas fair-scale_old 3 0.7341977309562399 0.10538983834689203 0.10538983345031738 0.10590277777777779 0.016982525227664302 0.1059027910232544 0.01698252558708191 0.1 0
compas fair-scale_old 4 0.7536466774716369 0.1505644194992748 0.15056441724300385 0.05381944444444442 0.041004184100418395 0.05381941795349121 0.041004180908203125 0.1 0
compas fair-scale_old 5 0.6418152350081038 0.16266212608521996 0.16266211867332458 0.1909722222222222 0.11329067191730247 0.1909722089767456 0.1132906824350357 0.1 0
compas fair-scale_old 6 0.7277147487844409 0.12299510205797651 0.12299510836601257 0.13541666666666669 0.022200344572975594 0.1354166567325592 0.022200345993041992 0.1 0
compas fair-scale_old 7 0.6628849270664505 0.12901767883794749 0.1290176957845688 0.1371527777777778 0.08284518828451881 0.1371527910232544 0.08284518867731094 0.1 0
compas fair-scale_old 8 0.7747163695299838 0.14922957263879252 0.14922957122325897 0.05208333333333337 0.036573960127984306 0.05208331346511841 0.03657396882772446 0.1 0
compas fair-scale_old 9 0.7763371150729336 0.08396922494797252 0.08396922051906586 0.02430555555555558 0.009820329805562356 0.0243055522441864 0.009820330888032913 0.1 0
compas fair-scale_old 0 0.7374392220421394 0.09717054507998571 0.09717054665088654 0.08159722222222221 0.0013290671917302044 0.0815972089767456 0.0013290643692016602 1 0
compas fair-scale_old 1 0.7811993517017828 0.07997519497172648 0.0799752026796341 0.036458333333333315 0.020674378538026117 0.036458343267440796 0.020674381405115128 1 0
compas fair-scale_old 2 0.7260940032414911 0.12768283197746527 0.12768283486366272 0.11284722222222221 0.05227664287472311 0.1128472089767456 0.052276644855737686 1 0
compas fair-scale_old 3 0.7439222042139384 0.1108343318408274 0.11083433032035828 0.09895833333333331 0.01201082943637699 0.0989583432674408 0.012010831385850906 1 0
compas fair-scale_old 4 0.7552674230145867 0.15374913287507097 0.15374912321567535 0.06076388888888884 0.041004184100418395 0.0607638955116272 0.041004180908203125 1 0
compas fair-scale_old 5 0.6888168557536467 0.12901767883794749 0.1290176957845688 0.14756944444444442 0.05591927147428011 0.1475694477558136 0.05591927468776703 1 0
compas fair-scale_old 6 0.7260940032414911 0.09433268167581091 0.09433268010616302 0.05555555555555558 0.0188038395274428 0.0555555522441864 0.01880384236574173 1 0
compas fair-scale_old 7 0.6726094003241491 0.14766349246389607 0.14766348898410797 0.16145833333333331 0.08624169333005172 0.1614583432674408 0.0862416923046112 1 0
compas fair-scale_old 8 0.7828200972447326 0.15264551932900294 0.1526455283164978 0.05902777777777779 0.0331774550824514 0.059027791023254395 0.033177465200424194 1 0
compas fair-scale_old 9 0.779578606158833 0.08385360829076538 0.08385361731052399 0.032986111111111105 0.009820329805562356 0.0329861044883728 0.009820330888032913 1 0
compas fair-scale_old 0 0.7536466774716369 0.10886884866830632 0.10886883735656738 0.057291666666666685 0.003765690376569042 0.057291656732559204 0.003765694797039032 10 0
compas fair-scale_old 1 0.7601296596434359 0.0758655483382733 0.07586553692817688 0.029513888888888895 0.01885306423824762 0.029513895511627197 0.01885306090116501 10 0
compas fair-scale_old 2 0.7293354943273906 0.15223560572617773 0.15223559737205505 0.18055555555555558 0.04651735171055871 0.1805555522441864 0.046517349779605865 10 0
compas fair-scale_old 3 0.7893030794165316 0.127630278951462 0.1276302933692932 0.01736111111111116 0.014619739109032692 0.017361104488372803 0.01461973786354065 10 0
compas fair-scale_old 4 0.7552674230145867 0.15374913287507097 0.15374912321567535 0.06076388888888884 0.041004184100418395 0.0607638955116272 0.041004180908203125 10 0
compas fair-scale_old 5 0.6952998379254457 0.14187214899833933 0.14187213778495789 0.14583333333333331 0.07016982525227655 0.1458333432674408 0.0701698288321495 10 0
compas fair-scale_old 6 0.7260940032414911 0.09433268167581091 0.09433268010616302 0.05555555555555558 0.0188038395274428 0.0555555522441864 0.01880384236574173 10 0
compas fair-scale_old 7 0.6904376012965965 0.17505412961678332 0.175054132938385 0.19444444444444442 0.08466650258429742 0.1944444179534912 0.08466650545597076 10 0
compas fair-scale_old 8 0.7828200972447326 0.13990666582581823 0.13990667462348938 0.04513888888888884 0.021412749200098502 0.0451388955116272 0.02141275256872177 10 0
compas fair-scale_old 9 0.779578606158833 0.08964495175632212 0.08964495360851288 0.013888888888888895 0.014792025596849667 0.013888895511627197 0.014792025089263916 10 0
compas fair-scale_old 0 0.7536466774716369 0.10886884866830632 0.10886883735656738 0.057291666666666685 0.003765690376569042 0.057291656732559204 0.003765694797039032 100 0
compas fair-scale_old 1 0.7552674230145867 0.07244960164806288 0.07244960963726044 0.029513888888888895 0.021338912133891275 0.029513895511627197 0.02133890986442566 100 0
compas fair-scale_old 2 0.7293354943273906 0.15223560572617773 0.15223559737205505 0.18055555555555558 0.04651735171055871 0.1805555522441864 0.046517349779605865 100 0
compas fair-scale_old 3 0.7909238249594813 0.13081499232725818 0.13081499934196472 0.02430555555555558 0.014619739109032692 0.02430558204650879 0.01461973786354065 100 0
compas fair-scale_old 4 0.7552674230145867 0.15374913287507097 0.15374912321567535 0.06076388888888884 0.041004184100418395 0.0607638955116272 0.041004180908203125 100 0
compas fair-scale_old 5 0.6952998379254457 0.14187214899833933 0.14187213778495789 0.14583333333333331 0.07016982525227655 0.1458333432674408 0.0701698288321495 100 0
compas fair-scale_old 6 0.7260940032414911 0.09433268167581091 0.09433268010616302 0.05555555555555558 0.0188038395274428 0.0555555522441864 0.01880384236574173 100 0
compas fair-scale_old 7 0.6904376012965965 0.17505412961678332 0.175054132938385 0.19444444444444442 0.08466650258429742 0.1944444179534912 0.08466650545597076 100 0
compas fair-scale_old 8 0.7828200972447326 0.13990666582581823 0.13990667462348938 0.04513888888888884 0.021412749200098502 0.0451388955116272 0.02141275256872177 100 0
compas fair-scale_old 9 0.779578606158833 0.08964495175632212 0.08964495360851288 0.013888888888888895 0.014792025596849667 0.013888895511627197 0.014792025089263916 100 0
compas fair-scale_old 0 0.7536466774716369 0.10886884866830632 0.10886883735656738 0.057291666666666685 0.003765690376569042 0.057291656732559204 0.003765694797039032 1000 0
compas fair-scale_old 1 0.7568881685575365 0.07563431502385906 0.07563431560993195 0.02256944444444442 0.021338912133891275 0.0225694477558136 0.02133890986442566 1000 0
compas fair-scale_old 2 0.7293354943273906 0.15223560572617773 0.15223559737205505 0.18055555555555558 0.04651735171055871 0.1805555522441864 0.046517349779605865 1000 0
compas fair-scale_old 3 0.7909238249594813 0.13081499232725818 0.13081499934196472 0.02430555555555558 0.014619739109032692 0.02430558204650879 0.01461973786354065 1000 0
compas fair-scale_old 4 0.7552674230145867 0.15374913287507097 0.15374912321567535 0.06076388888888884 0.041004184100418395 0.0607638955116272 0.041004180908203125 1000 0
compas fair-scale_old 5 0.6952998379254457 0.14187214899833933 0.14187213778495789 0.14583333333333331 0.07016982525227655 0.1458333432674408 0.0701698288321495 1000 0
compas fair-scale_old 6 0.7260940032414911 0.09433268167581091 0.09433268010616302 0.05555555555555558 0.0188038395274428 0.0555555522441864 0.01880384236574173 1000 0
compas fair-scale_old 7 0.6904376012965965 0.17505412961678332 0.175054132938385 0.19444444444444442 0.08466650258429742 0.1944444179534912 0.08466650545597076 1000 0
compas fair-scale_old 8 0.7828200972447326 0.13990666582581823 0.13990667462348938 0.04513888888888884 0.021412749200098502 0.0451388955116272 0.02141275256872177 1000 0
compas fair-scale_old 9 0.779578606158833 0.08964495175632212 0.08964495360851288 0.013888888888888895 0.014792025596849667 0.013888895511627197 0.014792025089263916 1000 0
