compas fnnc 1 0.7844408427876823 0.07847217842803389 0.03666609525680542 0.05208333333333337 0.030617770120600518 0.005487293004989624 0.011561810970306396 1 ce
compas fnnc 2 0.7860615883306321 0.08131004183220869 0.03622964024543762 0.09201388888888884 0.012970711297071169 0.008813530206680298 0.012451410293579102 1 ce
compas fnnc 3 0.7909238249594813 0.0653864749532278 0.03283858299255371 0.09895833333333337 0.03650012306177708 0.006517082452774048 0.009765714406967163 1 ce
compas fnnc 4 0.779578606158833 0.06891803830064536 0.036363065242767334 0.07291666666666663 0.030617770120600518 0.00105363130569458 0.012259483337402344 1 ce
compas fnnc 5 0.7909238249594813 0.07812532845641251 0.0380895733833313 0.08506944444444442 0.02473541717942407 0.0031441450119018555 0.013335347175598145 1 ce
compas fnnc 1 0.7828200972447326 0.05629480145466775 0.010730862617492676 0.08680555555555558 0.04408072852571987 0.016241729259490967 0.006873011589050293 2 ce
compas fnnc 2 0.7844408427876823 0.04650942801286498 0.012046128511428833 0.125 0.04408072852571987 0.014156550168991089 0.0065146684646606445 2 ce
compas fnnc 3 0.7585089141004863 0.04141178449055097 0.00797078013420105 0.08333333333333331 0.03741078021166622 0.017023742198944092 0.009381502866744995 2 ce
compas fnnc 4 0.7698541329011345 0.030932711105505467 0.00876191258430481 0.1267361111111111 0.04996308146689632 0.015561580657958984 0.009742021560668945 2 ce
compas fnnc 5 0.7909238249594813 0.05924828151604969 0.00949808955192566 0.09722222222222221 0.04408072852571987 0.014804244041442871 0.01049700379371643 2 ce
compas fnnc 6 0.779578606158833 0.0499253747030754 0.007509499788284302 0.10069444444444442 0.04408072852571987 0.01549828052520752 0.011734634637832642 2 ce
compas fnnc 7 0.7860615883306321 0.049694141388661156 0.009975582361221313 0.11805555555555558 0.04408072852571987 0.014603197574615479 0.008115917444229126 2 ce
compas fnnc 8 0.7876823338735819 0.052878854764457334 0.009984701871871948 0.11111111111111116 0.04408072852571987 0.015233457088470459 0.009329468011856079 2 ce
compas fnnc 9 0.7617504051863857 0.05438187130814992 0.015630513429641724 0.05381944444444442 0.03322667979325622 0.008038461208343506 0.002443760633468628 2 ce
compas fnnc 10 0.7682333873581848 0.03457989111013013 0.009640753269195557 0.109375 0.047477233571252775 0.015416234731674194 0.007181823253631592 2 ce
compas fnnc 11 0.7828200972447326 0.0433247146370688 0.009016424417495728 0.13194444444444442 0.04408072852571987 0.01688164472579956 0.009988963603973389 2 ce
compas fnnc 1 0.7423014586709886 0.0037733072670324275 0.0012092888355255127 0.171875 0.032439084420379016 0.014595955610275269 0.011921137571334839 3 ce
compas fnnc 2 0.7536466774716369 0.005801854070757395 0.0033122897148132324 0.16493055555555558 0.05166133398966277 0.015301614999771118 0.012383043766021729 3 ce
compas fnnc 3 0.766612641815235 0.05038784133190388 0.00668710470199585 0.06597222222222221 0.04408072852571987 0.009844273328781128 0.009808748960494995 3 ce
compas fnnc 4 0.7487844408427877 0.0034054360850097887 0.002146422863006592 0.16145833333333331 0.059241939453605785 0.018201082944869995 0.012025445699691772 3 ce
compas fnnc 5 0.7747163695299838 0.027401147758087913 0.0062118470668792725 0.16666666666666669 0.04408072852571987 0.012591004371643066 0.00953933596611023 3 ce
compas fnnc 6 0.7520259319286872 0.03481112442454437 0.0038315653800964355 0.09027777777777779 0.03989662810730987 0.012348026037216187 0.011658400297164917 3 ce
compas fnnc 7 0.7682333873581848 0.0212629543209098 0.004108518362045288 0.17881944444444442 0.03989662810730987 0.013674497604370117 0.010472774505615234 3 ce
compas fnnc 8 0.766612641815235 0.037880221143133413 0.00553441047668457 0.11631944444444442 0.03741078021166622 0.009419292211532593 0.010514438152313232 3 ce
compas fnnc 9 0.7212317666126418 0.0017447604633074876 0.009594976902008057 0.109375 0.03583558946591192 0.00872299075126648 0.003930330276489258 3 ce
compas fnnc 10 0.7406807131280388 0.020043724117634693 0.006152749061584473 0.1111111111111111 0.032439084420379016 0.010832369327545166 0.006518274545669556 3 ce
compas fnnc 11 0.7536466774716369 0.01923440751718486 0.005366086959838867 0.125 0.04499138567560912 0.013306975364685059 0.009580790996551514 3 ce
compas fnnc 1 0.6693679092382496 0.033928233587689975 0.00030678510665893555 0.0763888888888889 0.03595865124292397 0.010707765817642212 0.010418117046356201 4 ce
compas fnnc 2 0.7260940032414911 0.015219356330537503 0.0009267628192901611 0.16666666666666669 0.04668963819837557 0.013187825679779053 0.012083441019058228 4 ce
compas fnnc 3 0.7309562398703403 0.020621807403670284 0.0036010146141052246 0.09895833333333331 0.02407088358355891 0.008676618337631226 0.009500175714492798 4 ce
compas fnnc 4 0.6807131280388979 0.05112358369594922 0.0011132657527923584 0.15104166666666669 0.04681269997538773 0.014872312545776367 0.012161612510681152 4 ce
compas fnnc 5 0.6888168557536467 0.015629269933362763 0.003764122724533081 0.078125 0.03256214619739106 0.007540017366409302 0.008516013622283936 4 ce
compas fnnc 6 0.7260940032414911 0.0037733072670324275 0.000985950231552124 0.11631944444444442 0.04329313315284267 0.011877298355102539 0.011586576700210571 4 ce
compas fnnc 7 0.7034035656401945 0.013600723129637796 0.0014294683933258057 0.13194444444444445 0.027467388629091816 0.010584712028503418 0.010799825191497803 4 ce
compas fnnc 8 0.6709886547811994 0.03143722015513653 0.0027158260345458984 0.07291666666666667 0.04093034703421117 0.008792579174041748 0.009377002716064453 4 ce
compas fnnc 9 0.6661264181523501 0.012738853503184714 0.0048559606075286865 0.020833333333333332 0.00588235294117645 0.008985698223114014 0.005362153053283691 4 ce
compas fnnc 10 0.6726094003241491 0.025015240377540937 0.0036497414112091064 0.03125 0.009278857986709355 0.010019063949584961 0.005718708038330078 4 ce
compas fnnc 11 0.6920583468395461 0.028252506779340353 0.0013522207736968994 0.11458333333333333 0.03595865124292397 0.0144997239112854 0.009735554456710815 4 ce
compas fnnc 1 0.6661264181523501 0.012738853503184714 0.000636368989944458 0.020833333333333332 0.00588235294117645 0.007286757230758667 0.00819370150566101 5 ce
compas fnnc 2 0.6693679092382496 0.018761430283155703 0.0007414519786834717 0.03298611111111111 0.003396505045532794 0.009423702955245972 0.009886234998703003 5 ce
compas fnnc 3 0.6742301458670988 0.028662420382165606 0.0026347339153289795 0.05555555555555555 0.00588235294117645 0.007268786430358887 0.00837099552154541 5 ce
compas fnnc 4 0.6645056726094003 0.009207290155767168 0.00040212273597717285 0.012152777777777776 0.003396505045532794 0.009652435779571533 0.008920460939407349 5 ce
compas fnnc 5 0.6645056726094003 0.0031847133757961785 0.0016051828861236572 0.006944444444444444 0.0 0.006448894739151001 0.007266223430633545 5 ce
compas fnnc 6 0.6628849270664505 0.0 0.0006175041198730469 0.0 0.0 0.009611010551452637 0.009050577878952026 5 ce
compas fnnc 7 0.6645056726094003 0.009554140127388535 0.0013722479343414307 0.013888888888888888 0.00588235294117645 0.007187306880950928 0.008885204792022705 5 ce
compas fnnc 8 0.6709886547811994 0.03143722015513653 0.0009918808937072754 0.07291666666666667 0.04093034703421117 0.00654110312461853 0.009079515933990479 5 ce
compas fnnc 9 0.6628849270664505 0.0 0.0025146901607513428 0.0 0.0 0.008065223693847656 0.00514712929725647 5 ce
compas fnnc 10 0.6661264181523501 0.012738853503184714 0.0039027631282806396 0.020833333333333332 0.00588235294117645 0.0048125386238098145 0.003957390785217285 5 ce
compas fnnc 11 0.6709886547811994 0.009322906812974291 0.0023245513439178467 0.0034722222222222238 0.00588235294117645 0.00789862871170044 0.005893975496292114 5 ce
compas FNNC 1 0.7487844408427877 0.030669859829066087 0.014313546825814566 0.068437295448791 0.03681651672538843 0.021903977189280072 0.015727314816996428 0.01 1
compas FNNC 1 0.7228525121555915 0.10396350551918945 0.07034323306474402 0.10867921147451845 0.03464909065236169 0.04028241916278269 0.03532953337105219 0.01 1
compas FNNC 7 0.8141891891891891 0.11920513530290903 0.10689609511943839 nan 0.03859261466474327 nan 0.051725193285640174 0.01 1
compas FNNC 1 0.7487844408427877 0.030669859829066087 0.014313546825814566 0.068437295448791 0.03681651672538843 0.021903977189280072 0.015727314816996428 0.01 1
compas FNNC 1 0.7228525121555915 0.10396350551918945 0.07034323306474402 0.10867921147451845 0.03464909065236169 0.04028241916278269 0.03532953337105219 0.01 1
compas FNNC 7 0.8206388206388207 0.12715032511218533 0.13280148859480664 nan 0.03702983459656567 nan 0.07080947592753195 0.01 1
compas FNNC 1 0.7487844408427877 0.030669859829066087 0.014313546825814566 0.068437295448791 0.03681651672538843 0.021903977189280072 0.015727314816996428 0.01 1
compas FNNC 1 0.7228525121555915 0.10396350551918945 0.07034323306474402 0.10867921147451845 0.03464909065236169 0.04028241916278269 0.03532953337105219 0.01 1
compas FNNC 1 0.7487844408427877 0.030669859829066087 0.014313546825814566 0.068437295448791 0.03681651672538843 0.021903977189280072 0.015727314816996428 0.01 1
compas FNNC 1 0.7228525121555915 0.10396350551918945 0.07034323306474402 0.10867921147451845 0.03464909065236169 0.04028241916278269 0.03532953337105219 0.01 1
compas FNNC 1 0.6645056726094003 0.013622721057821814 0.007036424210504346 0.025071004823503183 0.020916602672911816 0.015758702978066974 0.005473988012596629 0.01 1
compas FNNC 1 0.6628849270664505 0.005713697862667505 0.005351353646010117 0.022023858430934094 0.01047974478204278 0.018334347559754213 0.0032529167371742884 0.01 1
compas FNNC 1 0.6645056726094003 0.013622721057821814 0.007036424210504346 0.025071004823503183 0.020916602672911816 0.015758702978066974 0.005473988012596629 0.01 1
compas FNNC 1 0.6628849270664505 0.005713697862667505 0.005351353646010117 0.022023858430934094 0.01047974478204278 0.018334347559754213 0.0032529167371742884 0.01 1
compas FNNC 1 0.6645056726094003 0.013622721057821814 0.007036424210504346 0.025071004823503183 0.020916602672911816 0.015758702978066974 0.005473988012596629 0.01 1
compas FNNC 1 0.6628849270664505 0.005713697862667505 0.005351353646010117 0.022023858430934094 0.01047974478204278 0.018334347559754213 0.0032529167371742884 0.01 1
compas FNNC 1 0.6645056726094003 0.013622721057821814 0.007036424210504346 0.025071004823503183 0.020916602672911816 0.015758702978066974 0.005473988012596629 0.01 1
compas FNNC 1 0.6628849270664505 0.005713697862667505 0.005351353646010117 0.022023858430934094 0.01047974478204278 0.018334347559754213 0.0032529167371742884 0.01 1
compas FNNC 1 0.7487844408427877 0.030669859829066087 0.014313546825814566 0.068437295448791 0.03681651672538843 0.021903977189280072 0.015727314816996428 0.01 1
compas FNNC 1 0.7228525121555915 0.10396350551918945 0.07034323306474402 0.10867921147451845 0.03464909065236169 0.04028241916278269 0.03532953337105219 0.01 1
compas FNNC 1 0.7487844408427877 0.030669859829066087 0.014313546825814566 0.068437295448791 0.03681651672538843 0.021903977189280072 0.015727314816996428 0.01 1
compas FNNC 1 0.7228525121555915 0.10396350551918945 0.07034323306474402 0.10867921147451845 0.03464909065236169 0.04028241916278269 0.03532953337105219 0.01 1
compas FNNC 1 0.7487844408427877 0.030669859829066087 0.014313546825814566 0.068437295448791 0.03681651672538843 0.021903977189280072 0.015727314816996428 0.01 1
compas FNNC 1 0.7228525121555915 0.10396350551918945 0.07034323306474402 0.10867921147451845 0.03464909065236169 0.04028241916278269 0.03532953337105219 0.01 1
compas FNNC 1 0.6645056726094003 0.013622721057821814 0.007036424210504346 0.025071004823503183 0.020916602672911816 0.015758702978066974 0.005473988012596629 0.01 1
compas FNNC 1 0.6628849270664505 0.005713697862667505 0.005351353646010117 0.022023858430934094 0.01047974478204278 0.018334347559754213 0.0032529167371742884 0.01 1
compas FNNC 1 0.6645056726094003 0.013622721057821814 0.007036424210504346 0.025071004823503183 0.020916602672911816 0.015758702978066974 0.005473988012596629 0.01 1
compas FNNC 1 0.6628849270664505 0.005713697862667505 0.005351353646010117 0.022023858430934094 0.01047974478204278 0.018334347559754213 0.0032529167371742884 0.01 1
compas FNNC 1 0.7487844408427877 0.030669859829066087 0.014313546825814566 0.068437295448791 0.03681651672538843 0.021903977189280072 0.015727314816996428 0.01 1
compas FNNC 1 0.7228525121555915 0.10396350551918945 0.07034323306474402 0.10867921147451845 0.03464909065236169 0.04028241916278269 0.03532953337105219 0.01 1
compas FNNC 1 0.7487844408427877 0.030669859829066087 0.014313546825814566 0.068437295448791 0.03681651672538843 0.021903977189280072 0.015727314816996428 0.01 1
compas FNNC 1 0.7228525121555915 0.10396350551918945 0.07034323306474402 0.10867921147451845 0.03464909065236169 0.04028241916278269 0.03532953337105219 0.01 1
compas FNNC 1 0.7487844408427877 0.030669859829066087 0.014313546825814566 0.068437295448791 0.03681651672538843 0.021903977189280072 0.015727314816996428 0.01 1
compas FNNC 1 0.7487844408427877 0.030669859829066087 0.014313546825814566 0.068437295448791 0.03681651672538843 0.021903977189280072 0.015727314816996428 0.01 1
compas FNNC 1 0.7487844408427877 0.030669859829066087 0.014313546825814566 0.068437295448791 0.03681651672538843 0.021903977189280072 0.015727314816996428 0.01 1
compas FNNC 1 0.7487844408427877 0.030669859829066087 0.014313546825814566 0.068437295448791 0.03681651672538843 0.021903977189280072 0.015727314816996428 0.01 1
compas FNNC 1 0.7487844408427877 0.030669859829066087 0.014313546825814566 0.068437295448791 0.03681651672538843 0.021903977189280072 0.015727314816996428 0.01 1
compas FNNC 1 0.7228525121555915 0.10396350551918945 0.07034323306474402 0.10867921147451845 0.03464909065236169 0.04028241916278269 0.03532953337105219 0.01 1
compas FNNC 1 0.7487844408427877 0.030669859829066087 0.014313546825814566 0.068437295448791 0.03681651672538843 0.021903977189280072 0.015727314816996428 0.01 1
compas FNNC 1 0.7228525121555915 0.10396350551918945 0.07034323306474402 0.10867921147451845 0.03464909065236169 0.04028241916278269 0.03532953337105219 0.01 1
compas FNNC 1 0.7487844408427877 0.030669859829066087 0.014313546825814566 0.068437295448791 0.03681651672538843 0.021903977189280072 0.015727314816996428 0.01 1
compas FNNC 1 0.7228525121555915 0.10396350551918945 0.07034323306474402 0.10867921147451845 0.03464909065236169 0.04028241916278269 0.03532953337105219 0.01 1
compas FNNC 1 0.7487844408427877 0.030669859829066087 0.014313546825814566 0.068437295448791 0.03681651672538843 0.021903977189280072 0.015727314816996428 0.01 1
compas FNNC 1 0.7228525121555915 0.10396350551918945 0.07034323306474402 0.10867921147451845 0.03464909065236169 0.04028241916278269 0.03532953337105219 0.01 1
compas FNNC 1 0.7487844408427877 0.030669859829066087 0.014313546825814566 0.068437295448791 0.03681651672538843 0.021903977189280072 0.015727314816996428 0.01 1
compas FNNC 1 0.7228525121555915 0.10396350551918945 0.07034323306474402 0.10867921147451845 0.03464909065236169 0.04028241916278269 0.03532953337105219 0.01 1
compas FNNC 1 0.7487844408427877 0.030669859829066087 0.014313546825814566 0.068437295448791 0.03681651672538843 0.021903977189280072 0.015727314816996428 0.01 1
compas FNNC 1 0.7228525121555915 0.10396350551918945 0.07034323306474402 0.10867921147451845 0.03464909065236169 0.04028241916278269 0.03532953337105219 0.01 1
compas FNNC 1 0.6790923824959482 0.14169743950966168 0.09478396445417059 0.09719678001854865 0.12012239223120616 0.07157126415166667 0.08102227588358007 0.01 1
compas FNNC 1 0.6969205834683955 0.05320771720791129 0.0358841903105583 0.08054318650043435 0.03572354034878465 0.02838352669522307 0.025547030358616885 0.01 1
compas FNNC 1 0.6969205834683955 0.1438388200083447 0.09642002629621871 0.11609844159071261 0.10065881023060762 0.07398776995629341 0.07733608665762218 0.01 1
compas FNNC 1 0.6920583468395461 0.08771535004424624 0.054477206178044635 0.16038171230598855 0.02783587433209782 0.06635492333206269 0.02756519582557513 0.01 1
compas FNNC 1 0.6677471636952999 0.1569637097826333 0.11751844073755804 0.11112842461435278 0.14887929493191107 0.039117865638637665 0.10708887298821856 0.01 1
compas FNNC 1 0.6742301458670988 0.1377467259637147 0.0658485079078382 0.19721943280806808 0.07236726334636134 0.06687945574878323 0.04166993238354071 0.01 1
compas FNNC 1 0.6969205834683955 0.1438388200083447 0.09642002629621871 0.11609844159071261 0.10065881023060762 0.07398776995629341 0.07733608665762218 0.01 1
compas FNNC 1 0.6920583468395461 0.08771535004424624 0.054477206178044635 0.16038171230598855 0.02783587433209782 0.06635492333206269 0.02756519582557513 0.01 1
compas FNNC 1 0.773095623987034 0.049265244153285995 0.014752896851682691 0.045628269157615274 0.03625013938486512 0.031331983241525335 0.018521994981443746 0.01 1
compas FNNC 1 0.7487844408427877 0.1095317923406667 0.06208002601196552 0.11111874773213798 0.025789732157116475 0.042003248798152856 0.023202776622034994 0.01 1
compas FNNC 1 0.773095623987034 0.049265244153285995 0.014752896851682691 0.045628269157615274 0.03625013938486512 0.031331983241525335 0.018521994981443746 0.01 1
compas FNNC 1 0.7487844408427877 0.1095317923406667 0.06208002601196552 0.11111874773213798 0.025789732157116475 0.042003248798152856 0.023202776622034994 0.01 1
compas FNNC 1 0.773095623987034 0.049265244153285995 0.014752896851682691 0.045628269157615274 0.03625013938486512 0.031331983241525335 0.018521994981443746 0.01 1
compas FNNC 1 0.7487844408427877 0.1095317923406667 0.06208002601196552 0.11111874773213798 0.025789732157116475 0.042003248798152856 0.023202776622034994 0.01 1
compas FNNC 1 0.6969205834683955 0.1438388200083447 0.09642002629621871 0.11609844159071261 0.10065881023060762 0.07398776995629341 0.07733608665762218 0.01 1
compas FNNC 1 0.6920583468395461 0.08771535004424624 0.054477206178044635 0.16038171230598855 0.02783587433209782 0.06635492333206269 0.02756519582557513 0.01 1
compas FNNC 1 0.7487844408427877 0.01495886032011411 0.005794340450167722 0.1016075883034861 0.05320597764978014 0.04159570645768794 0.026715312332014303 0.01 1
compas FNNC 1 0.7212317666126418 0.09279575695145045 0.05261635574057513 0.04545709957889147 0.05113247820888966 0.01808726190097533 0.023797074830827346 0.01 1
compas FNNC 1 0.6628849270664505 0.006245109792966811 0.0029126985738307212 0.012596008540132929 0.004183320534582362 0.008494364445804412 0.0026854522771871765 0.01 1
compas FNNC 1 0.6628849270664505 0.0 0.001802912925796435 0.0 0.0 0.005277727485777828 0.0029985092086552492 0.01 1
compas FNNC 1 0.7487844408427877 0.01495886032011411 0.005794340450167722 0.1016075883034861 0.05320597764978014 0.04159570645768794 0.026715312332014303 0.01 1
compas FNNC 1 0.7212317666126418 0.09279575695145045 0.05261635574057513 0.04545709957889147 0.05113247820888966 0.01808726190097533 0.023797074830827346 0.01 1
compas FNNC 1 0.7487844408427877 0.01495886032011411 0.005794340450167722 0.1016075883034861 0.05320597764978014 0.04159570645768794 0.026715312332014303 0.01 1
compas FNNC 1 0.7212317666126418 0.09279575695145045 0.05261635574057513 0.04545709957889147 0.05113247820888966 0.01808726190097533 0.023797074830827346 0.01 1
compas FNNC 1 0.7487844408427877 0.01495886032011411 0.005794340450167722 0.1016075883034861 0.05320597764978014 0.04159570645768794 0.026715312332014303 0.01 1
compas FNNC 1 0.7212317666126418 0.09279575695145045 0.05261635574057513 0.04545709957889147 0.05113247820888966 0.01808726190097533 0.023797074830827346 0.01 1
compas FNNC 1 0.7487844408427877 0.01495886032011411 0.005794340450167722 0.1016075883034861 0.05320597764978014 0.04159570645768794 0.026715312332014303 0.01 1
compas FNNC 1 0.7212317666126418 0.09279575695145045 0.05261635574057513 0.04545709957889147 0.05113247820888966 0.01808726190097533 0.023797074830827346 0.01 1
compas FNNC 1 0.7487844408427877 0.01495886032011411 0.005794340450167722 0.1016075883034861 0.05320597764978014 0.04159570645768794 0.026715312332014303 0.01 1
compas FNNC 1 0.7212317666126418 0.09279575695145045 0.05261635574057513 0.04545709957889147 0.05113247820888966 0.01808726190097533 0.023797074830827346 0.01 1
compas FNNC 1 0.7212317666126418 0.09279575695145045 0.05261635574057513 0.04545709957889147 0.05113247820888966 0.01808726190097533 0.023797074830827346 0.01 1
compas FNNC 1 0.7487844408427877 0.01495886032011411 0.005794340450167722 0.1016075883034861 0.05320597764978014 0.04159570645768794 0.026715312332014303 0.01 1
compas FNNC 1 0.7487844408427877 0.01495886032011411 0.005794340450167722 0.1016075883034861 0.05320597764978014 0.04159570645768794 0.026715312332014303 0.01 1
compas FNNC 1 0.7212317666126418 0.09279575695145045 0.05261635574057513 0.04545709957889147 0.05113247820888966 0.01808726190097533 0.023797074830827346 0.01 1
compas FNNC 1 0.7487844408427877 0.01495886032011411 0.005794340450167722 0.1016075883034861 0.05320597764978014 0.04159570645768794 0.026715312332014303 0.01 1
compas FNNC 1 0.7212317666126418 0.09279575695145045 0.05261635574057513 0.04545709957889147 0.05113247820888966 0.01808726190097533 0.023797074830827346 0.01 1
compas FNNC 1 0.7487844408427877 0.01495886032011411 0.005794340450167722 0.1016075883034861 0.05320597764978014 0.04159570645768794 0.026715312332014303 0.01 1
compas FNNC 1 0.7212317666126418 0.09279575695145045 0.05261635574057513 0.04545709957889147 0.05113247820888966 0.01808726190097533 0.023797074830827346 0.01 1
