
compas frc 1 0.7893030794165316 0.056179184797460646 0.002954697183433941 0.08854166666666663 0.04996308146689632 0.030257424244380438 0.05051992600362662 0.001 1
compas frc 2 0.7828200972447326 0.043209097979861666 0.015480316922964643 0.14756944444444442 0.03819837558454342 0.02202896644387875 0.03363463354975971 0.001 1
compas frc 3 0.7617504051863857 0.034926741081751506 0.005760193875850916 0.09895833333333331 0.04329313315284267 0.0351203155705625 0.0466912394200551 0.001 1
compas frc 4 0.7682333873581848 0.040486851232894 0.006493605965382621 0.11979166666666669 0.03819837558454342 0.02890524785697529 0.038280249118729404 0.001 1
compas frc 5 0.773095623987034 0.050272224674696775 0.001057204174907067 0.09027777777777779 0.03989662810730987 0.025643614253390457 0.046321127716155625 0.001 1
compas frc 6 0.7682333873581848 0.02797923104412353 0.007620667092282596 0.125 0.05166133398966277 0.03625359366401659 0.04855226641757454 0.001 1
compas frc 7 0.7649918962722853 0.041180551176136726 0.011549351312395262 0.078125 0.047477233571252775 0.043421168757549145 0.052491710317014245 0.001 1
compas frc 8 0.7714748784440842 0.04754997792772908 0.00010655037511392296 0.0798611111111111 0.04329313315284267 0.020607531649547484 0.04562484782454562 0.001 1
compas frc 9 0.7552674230145867 0.03400180782409451 0.003579410664884708 0.0798611111111111 0.05493477725818363 0.026930108619792614 0.04819762263325511 0.001 1
compas frc 10 0.7698541329011345 0.024447667696705977 9.561108589573042e-05 0.1267361111111111 0.06002953482648288 0.040435367880782946 0.04260744549481177 0.001 1
compas frc 11 0.7811993517017828 0.04674066132727922 0.004074593995852305 0.10069444444444442 0.04996308146689632 0.03884274576634217 0.04588875252256691 0.001 1

compas frc 1 0.7714748784440842 0.021725420949738283 0.011195800802776879 0.13194444444444442 0.059241939453605785 0.03642854241414634 0.05280018495266592 0.01 1
compas frc 2 0.773095623987034 0.044365264551932904 0.009368076497630495 0.0798611111111111 0.049175486094019116 0.011414202579287214 0.03501475228025236 0.01 1
compas frc 3 0.7633711507293355 0.024563284353913112 0.0109455408374729 0.14756944444444442 0.04408072852571987 0.03758936660614204 0.05165605182962796 0.01 1
compas frc 4 0.7585089141004863 0.015702844169767305 0.005789458191320707 0.11979166666666669 0.059241939453605785 0.017496981741758844 0.05179678184340625 0.01 1
compas frc 5 0.7601296596434359 0.025025750982741596 0.0017539487458526626 0.11458333333333331 0.05166133398966277 0.015008954319136347 0.04276875192244439 0.01 1
compas frc 6 0.7601296596434359 0.011940047507935508 0.006266251755674357 0.1527777777777778 0.05584543440807277 0.03334262057882109 0.04526374962207769 0.01 1
compas frc 7 0.7763371150729336 0.031048327762712574 0.008969675207297911 0.11979166666666669 0.05754368693083922 0.03817378030834173 0.049014486948862124 0.01 1
compas frc 8 0.7682333873581848 0.02797923104412353 0.009832275109909083 0.125 0.05166133398966277 0.03579784303344691 0.04946001812674583 0.01 1
compas frc 9 0.7455429497568882 0.040949317861722484 0.0023292332322442655 0.00694444444444442 0.07088358355894653 0.009192463163967657 0.048152300472293075 0.01 1
compas frc 10 0.7617504051863857 0.034695507767337236 0.012415634899617223 0.1076388888888889 0.041594880630076325 0.039869762549218146 0.047282348675056984 0.01 1
compas frc 11 0.7747163695299838 0.040949317861722484 0.009844945477653133 0.08854166666666669 0.053359586512429225 0.03529781846243418 0.04798146599885711 0.01 1

compas frc 1 0.7260940032414911 0.0030796073237897292 0.0051641665457183294 0.09722222222222221 0.058331282303716425 0.03381955501525047 0.035465860719886944 0.1 1
compas frc 2 0.7439222042139384 0.01217128082234975 0.007391165427835189 0.08854166666666669 0.06839773566330298 0.0388437771313086 0.038953655485888916 0.1 1
compas frc 3 0.7163695299837926 0.022303504235773902 0.0058776366146998105 0.036458333333333315 0.04905242431700718 0.032738635071166144 0.03428631219261907 0.1 1
compas frc 4 0.7212317666126418 0.006474532803598831 0.01178307309740173 0.07291666666666669 0.07846418902288943 0.024400372797355574 0.05169690075853706 0.1 1
compas frc 5 0.7293354943273906 0.03562044102499423 0.0033972001217155157 0.00694444444444442 0.04996308146689632 0.015306042749711868 0.02721322249511987 0.1 1
compas frc 6 0.7341977309562399 1.0510605200630962e-05 0.013324932237338105 0.09027777777777779 0.07179424070883589 0.03089960964025995 0.04678504165949415 0.1 1
compas frc 7 0.7341977309562399 0.0062432994891845894 0.014540609128287363 0.1267361111111111 0.06342603987201578 0.042414411432242616 0.04507666192399801 0.1 1
compas frc 8 0.7341977309562399 0.012980597422799611 0.013234612241482369 0.09027777777777779 0.05166133398966277 0.02173422921745266 0.05063717858658995 0.1 1
compas frc 9 0.7277147487844409 1.0510605200630962e-05 0.005840044339078421 0.10416666666666669 0.06002953482648288 0.027150380222693227 0.03924670192016522 0.1 1
compas frc 10 0.7260940032414911 0.023091799625822473 0.019126720853983092 0.15104166666666669 0.07676593650012298 0.04156883084947777 0.050629633498322 0.1 1
compas frc 11 0.7374392220421394 0.006148704042378772 0.004556334598923295 0.13020833333333331 0.04996308146689632 0.02548127059817623 0.039472763554185775 0.1 1

compas frc 1 0.6628849270664505 0.0 0.0009065176028205668 0.0 0.0 0.0019848695225746504 0.0012593098070797226 2 1
compas frc 2 0.6628849270664505 0.0 0.00012287893714996168 0.0 0.0 0.002812114601932425 0.0009681486872084033 2 1
compas frc 3 0.6628849270664505 0.0 0.0016632597261229676 0.0 0.0 0.000214915570212304 0.00303783637108318 2 1
compas frc 4 0.6628849270664505 0.0 0.0010927402236702854 0.0 0.0 0.0023502085737661105 0.0010946535368990262 2 1
compas frc 5 0.6628849270664505 0.0 0.001699626304694446 0.0 0.0 0.002082845896768104 0.0013422651904665406 2 1
compas frc 6 0.6628849270664505 0.0 0.0018928306331325029 0.0 0.0 0.002059190271856748 0.0029635070879805436 2 1
compas frc 7 0.6628849270664505 0.0 0.00216227514281625 0.0 0.0 0.0008898665675203254 0.0031765352958845194 2 1
compas frc 8 0.6628849270664505 0.0 8.195441072350595e-05 0.0 0.0 0.00231090447729021 1.1880312580370145e-06 2 1
compas frc 9 0.6628849270664505 0.0 0.0016851392305185509 0.0 0.0 0.0014931636703475193 0.0016689870861129608 2 1
compas frc 10 0.6628849270664505 0.0 0.0006092102843778258 0.0 0.0 0.00109342390659678 0.00034262134498497243 2 1
compas frc 11 0.6628849270664505 0.0 0.00020465899178978564 0.0 0.0 0.0016626583210497814 0.0014335457703457122 2 1

compas frc 1 0.766612641815235 0.03058586113388409 0.005909953516282818 0.13541666666666669 0.046566576421363526 0.05232125743620414 0.04377865215398413 0.0 1
compas frc 2 0.7876823338735819 0.052878854764457334 0.0013416965335808495 0.11111111111111116 0.04408072852571987 0.03678796278940183 0.04437938026280394 0.0 1
compas frc 3 0.7763371150729336 0.050272224674696775 0.0016655206199969186 0.08333333333333331 0.04577898104848632 0.025027290300900007 0.04847751537661424 0.0 1
compas frc 4 0.7714748784440842 0.027401147758087913 0.005985177840512224 0.1284722222222222 0.058331282303716425 0.03396997982472505 0.047942131830092105 0.0 1
compas frc 5 0.7747163695299838 0.040486851232894 0.0043529806060286225 0.10590277777777779 0.04996308146689632 0.032019256554416065 0.049066259125093825 0.0 1
compas frc 6 0.7860615883306321 0.0433247146370688 0.0012951042787240352 0.125 0.04996308146689632 0.02842840097031213 0.044640632036879846 0.0 1
compas frc 7 0.7779578606158833 0.0338861911668874 0.002745050310302366 0.1371527777777778 0.04996308146689632 0.0282278089290528 0.04452864064512896 0.0 1
compas frc 8 0.7779578606158833 0.05357255470770006 0.0005301181772139341 0.08333333333333331 0.041594880630076325 0.023415064968534016 0.047644528012858844 0.0 1
compas frc 9 0.7568881685575365 0.03730213785709782 0.005845569285221397 0.10243055555555558 0.040684223480187076 0.03907401481006889 0.047099816106733416 0.0 1
compas frc 10 0.7779578606158833 0.046856277984486355 0.00912672550460153 0.0920138888888889 0.04996308146689632 0.042314835769696024 0.050491696502933336 0.0 1
compas frc 11 0.7747163695299838 0.04697189464169346 0.004981731736249939 0.08333333333333331 0.04996308146689632 0.025842895358644202 0.050684337986573236 0.0 1



compas frc 1 0.7698541329011345 0.043787181265897285 0.0034755907197427383 0.11979166666666669 0.03401427516613342 0.038451179883774 0.03885907743527389 0.001 1
compas frc 1 0.7698541329011345 0.043787181265897285 0.0034755907197427383 0.11979166666666669 0.03401427516613342 0.038451179883774 0.03885907743527389 0.001 1
compas frc 1 0.7779578606158833 0.06017321477370666 0.0006028200540408868 0.06770833333333331 0.03741078021166622 0.029448341314355697 0.04399536956053268 0.001 1
compas frc 1 0.7682333873581848 0.03126150829734309 0.00393670483866839 0.11921500571155978 0.026007014770702892 0.033106661309536475 0.029239235442386095 0.001 1
compas frc 1 0.7724693938489101 0.0021169699807979557 0.005627877866446581 0.04269666366297887 0.020170776199744136 0.029674011246180444 0.004320447528398901 0.001 1
compas frc 1 0.8055896805896806 0.014397745675214436 0.005518336507078795 0.3158581910540276 0.0419513058492867 0.1680968787133344 0.03784334383830096 0.0 0.1
compas frc 1 0.8055896805896806 0.014397745675214436 0.005518336507078795 0.3158581910540276 0.0419513058492867 0.1680968787133344 0.03784334383830096 0.0 0.1
compas frc 1 0.8184889434889435 0.043534764946311214 0.023832543395371355 0.11422088086244378 0.01274687396180694 0.07648004805132247 0.024406476064963805 0.0 0.1
compas frc 1 0.7911547911547911 0.008740352410915784 0.0060984719551162355 0.1147821028790719 0.02789962840036933 0.0889152000060609 0.027028617902048514 0.0 0.1
compas frc 1 0.8184889434889435 0.043534764946311214 0.02383271534004873 0.11422088086244378 0.01274687396180694 0.07644830790244131 0.024412710464201 0.0 0.1
compas frc 1 0.8277027027027027 0.07492771006593721 0.05888133578257901 0.08193841442770478 0.010163158649471487 0.04793078471951009 0.007377272674827767 0.0 0.1
compas frc 1 0.8184889434889435 0.043534764946311214 0.02383271534004873 0.11422088086244378 0.01274687396180694 0.07644830790244131 0.024412710464201 0.0 0.1
