adult corr 1 0.8221744471744472 0.03930584452192998 0.0034305453300476074 0.4363013030110781 0.06689110648695129 0.1207403838634491 0.013502717018127441 0.01 0.0
adult corr 1 0.8218673218673219 0.02456364159157029 0.0002621114253997803 0.4005295007564297 0.049126020165515816 0.09312981367111206 0.018601149320602417 0.02 0.0
adult corr 1 0.8144963144963145 0.05112580741425285 0.0011444091796875 0.024547362256600425 0.0008346653911616153 0.044143885374069214 0.02049049735069275 0.03 0.0
adult corr 1 0.8022113022113022 0.049187134275297445 0.0017199814319610596 0.05202283929530038 0.0034299637380472703 0.020484566688537598 0.01824679970741272 0.04 0.0
adult corr 1 0.7945331695331695 0.044581948492066384 0.0005250275135040283 0.07065296959640817 0.003744751828428261 0.009262621402740479 0.017599165439605713 0.05 0.0
adult corr 2 0.8289312039312039 0.02092360698675702 0.015683233737945557 0.4075569762334684 0.055451761791266874 0.10087865591049194 0.0041367411613464355 0.01 0.0
adult corr 2 0.8273955773955773 0.02365876004441539 0.012759774923324585 0.42823678688204575 0.05044785760131476 0.08531725406646729 0.0078352689743042 0.02 0.0
adult corr 2 0.8163390663390664 0.042123868322574795 0.007796198129653931 0.07949831633400029 0.000551219837918171 0.049525827169418335 0.012614816427230835 0.03 0.0
adult corr 2 0.8006756756756757 0.051713854858171746 0.006836593151092529 0.08478112342003807 0.0034142924694785526 0.0016289055347442627 0.014113157987594604 0.04 0.0
adult corr 2 0.7923832923832924 0.037062056374706345 0.005445539951324463 0.05098579864330681 0.001368851241505209 0.0049478113651275635 0.012393444776535034 0.05 0.0
adult corr 3 0.8249385749385749 0.029537560327180412 0.007780343294143677 0.404043238494949 0.0605340223240628 0.11177042126655579 0.010424941778182983 0.01 0.0
adult corr 3 0.8206388206388207 0.04340376090869863 0.0042608678340911865 0.43782636279342146 0.06693812029265755 0.09677127003669739 0.014261066913604736 0.02 0.0
adult corr 3 0.812039312039312 0.028605892277241973 0.00020009279251098633 0.11933287784881169 0.004610759756727423 0.05358007550239563 0.018155843019485474 0.03 0.0
adult corr 3 0.793918918918919 0.039479119711810715 0.001505821943283081 0.05351129764286759 0.0017149818690236351 0.01660621166229248 0.01701897382736206 0.04 0.0
adult corr 3 0.7908476658476659 0.036087278796850746 0.0006968379020690918 0.05299887755600019 0.001368851241505209 0.009938657283782959 0.016949832439422607 0.05 0.0
adult corr 4 0.8221744471744472 0.049004232685978893 0.003848135471343994 0.4645332097018203 0.07263428573764652 0.1219620406627655 0.01242932677268982 0.01 0.0
adult corr 4 0.8141891891891891 0.04976932217173245 0.0007305145263671875 0.467595529744766 0.057921689989602454 0.09505069255828857 0.016837120056152344 0.02 0.0
adult corr 4 0.8049754299754299 0.046391711586376214 0.005104780197143555 0.005429212825142721 0.005144945607070794 0.0298786461353302 0.015030443668365479 0.03 0.0
adult corr 4 0.7960687960687961 0.038742909424370614 0.002746284008026123 0.030330388951246873 0.0020611124965420613 0.0058318376541137695 0.016351640224456787 0.04 0.0
adult corr 4 0.7883906633906634 0.030128956083947226 0.0022750496864318848 0.024766970865257934 0.0010383918825555005 0.0008811056613922119 0.014962702989578247 0.05 0.0
adult corr 5 0.8249385749385749 0.03207390730949253 0.008646398782730103 0.4383265824020301 0.055514446865541855 0.11030259728431702 0.010083198547363281 0.01 0.0
adult corr 5 0.8206388206388207 0.028671184377776757 0.0015121400356292725 0.43735054414133034 0.039464342413130016 0.09263134002685547 0.01668524742126465 0.02 0.0
adult corr 5 0.8095823095823096 0.04180577860202079 0.005993068218231201 0.028097701429896094 0.0029114491562726164 0.030315697193145752 0.016456425189971924 0.03 0.0
adult corr 5 0.8034398034398035 0.04654113004721539 0.003353506326675415 0.059587135815723974 0.00262800360302895 0.016203314065933228 0.017775505781173706 0.04 0.0
adult corr 5 0.793918918918919 0.03998638910827314 0.0023748278617858887 0.056537016251037034 0.0013845225100739267 0.006480306386947632 0.01599159836769104 0.05 0.0
adult corr 6 0.8221744471744472 0.04440867330218565 0.003712207078933716 0.4519301156605339 0.06959746643282416 0.11896926164627075 0.014199435710906982 0.01 0.0
adult corr 6 0.8135749385749386 0.0645512863171614 0.0027518272399902344 0.48875115904543454 0.0773704156429239 0.10139229893684387 0.015505403280258179 0.02 0.0
adult corr 6 0.8157248157248157 0.01154205292594411 0.000744253396987915 0.2942023327314431 0.03911821178561159 0.06371593475341797 0.01922699809074402 0.03 0.0
adult corr 6 0.7948402948402948 0.04424335035531877 0.0004391968250274658 0.056048997120687116 0.001116748225399089 0.015450865030288696 0.01959964632987976 0.04 0.0
adult corr 6 0.8037469287469288 0.05900480608455411 0.0014616847038269043 0.10999951198086966 0.0021081263022484364 0.0009930431842803955 0.019465535879135132 0.05 0.0
adult corr 7 0.8151105651105651 0.05655425961897037 0.0026709139347076416 0.47209750622224395 0.07729205930008032 0.11338812112808228 0.015860259532928467 0.01 0.0
adult corr 7 0.8144963144963145 0.0544649124018578 0.0009996592998504639 0.4811868625250109 0.06759903901055697 0.09398585557937622 0.018016695976257324 0.02 0.0
adult corr 7 0.8181818181818182 0.028992622411178684 0.004909813404083252 0.1671709531013616 0.013863621807319704 0.05731216073036194 0.016695082187652588 0.03 0.0
adult corr 7 0.8025184275184275 0.05044986675807561 0.003641188144683838 0.05103460055634185 0.0015269266461986897 0.02074912190437317 0.018611490726470947 0.04 0.0
adult corr 7 0.7966830466830467 0.046113383080891475 0.0005136728286743164 0.06361329364111074 0.0004401582389309544 0.010044991970062256 0.019913136959075928 0.05 0.0
adult corr 9 0.8191031941031941 0.057071155414870595 0.0035117268562316895 0.47260992630911136 0.07636336629750606 0.1185937225818634 0.013802409172058105 0.01 0.0
adult corr 9 0.8154176904176904 0.05848330635848796 0.00213700532913208 0.48169928261187833 0.07000628213461757 0.1028076708316803 0.014991790056228638 0.02 0.0
adult corr 9 0.8028255528255528 0.035877590704748705 0.0034812092781066895 0.02408374408276806 0.0025966610658915146 0.04482752084732056 0.016629725694656372 0.03 0.0
adult corr 9 0.7997542997542998 0.04673030972312382 0.0007070600986480713 0.07369088868283638 0.00028344555324344434 0.014135688543319702 0.019107401371002197 0.04 0.0
adult corr 9 0.7963759213759214 0.04372645455941854 0.002144932746887207 0.07821726611683179 0.00029911682181227306 0.006576478481292725 0.01858454942703247 0.05 0.0
adult corr 10 0.8191031941031941 0.0577182168727344 0.0029126405715942383 0.46049485139817486 0.08503366597304274 0.13068115711212158 0.019958525896072388 0.01 0.0
adult corr 10 0.8132678132678133 0.06538627183361564 0.0010016858577728271 0.5180079059099116 0.06635555791760184 0.10463830828666687 0.01711934804916382 0.02 0.0
adult corr 10 0.8086609336609336 0.016142216239903265 0.0009235739707946777 0.16773217510126395 0.007647579061550003 0.0646074116230011 0.01670682430267334 0.03 0.0
adult corr 10 0.7991400491400491 0.04112021154640573 0.0009599030017852783 0.024791371821775404 0.0030681618419600154 0.02405533194541931 0.016823232173919678 0.04 0.0
adult corr 10 0.7988329238329238 0.04567600971512972 0.002266794443130493 0.05352349812112636 0.003744751828428261 0.007376313209533691 0.015898555517196655 0.05 0.0
adult corr 11 0.8206388206388207 0.052893716597963464 0.0027025341987609863 0.46654628861451375 0.07765386119616757 0.1302017867565155 0.019317209720611572 0.01 0.0
adult corr 11 0.8191031941031941 0.029914664061679253 0.0007039308547973633 0.41517007466692696 0.044830048499169495 0.09310474991798401 0.016907721757888794 0.02 0.0
adult corr 11 0.8092751842751843 0.03759820496948222 0.0019608139991760254 0.07397149968278757 0.001116748225399089 0.04924684762954712 0.016864031553268433 0.03 0.0
adult corr 11 0.8012899262899262 0.051286107891847815 0.0015323162078857422 0.08780684202820752 0.0017306531375923528 0.013306021690368652 0.018116742372512817 0.04 0.0
adult corr 11 0.7945331695331695 0.03760908698623802 0.00017625093460083008 0.06157581377189984 0.0019984274222670795 0.006612658500671387 0.017412185668945312 0.05 0.0

adult corr 1 0.847051597051597 0.11258743805098057 0.07229462265968323 0.0299887755600019 0.031326865868930964 0.006285369396209717 0.03887593746185303 0.0 1.0
adult corr 2 0.8445945945945946 0.1543450846558123 0.07981893420219421 0.10008052315650778 0.0546770560363683 0.03226351737976074 0.042488545179367065 0.0 1.0
adult corr 3 0.8538083538083538 0.1804158855680601 0.08743217587471008 0.1273363915865502 0.06721747768888309 0.03316068649291992 0.048994213342666626 0.0 1.0
adult corr 4 0.8482800982800983 0.11907228295922216 0.07021704316139221 0.04458054755746432 0.03278974472184859 0.0037274956703186035 0.03715473413467407 0.0 1.0
adult corr 5 0.8485872235872236 0.13557486136938462 0.0769033133983612 0.03455175442877367 0.04150705820309153 0.0165063738822937 0.042032390832901 0.0 1.0
adult corr 6 0.8492014742014742 0.17243811166874468 0.09040972590446472 0.08902688985408236 0.06558085216270326 0.032833099365234375 0.05292469263076782 0.0 1.0
adult corr 7 0.8412162162162162 0.14803728178940537 0.0813194215297699 0.0505953833390268 0.06063963304702613 0.003887355327606201 0.04730254411697388 0.0 1.0
adult corr 8 0.8492014742014742 0.17500459346668823 0.08988532423973083 0.08952710946269093 0.06993950890332457 0.03238797187805176 0.052643001079559326 0.0 1.0
adult corr 9 0.8473587223587223 0.12063385236367867 0.07050430774688721 0.0450807671660729 0.03382813660440398 0.004547119140625 0.03732877969741821 0.0 1.0
adult corr 10 0.8605651105651105 0.17194046867172008 0.08691751956939697 0.04469035186179293 0.06186744287141255 0.02925264835357666 0.048192888498306274 0.0 1.0
adult corr 11 0.8445945945945946 0.11839508668572693 0.07276681065559387 0.11311063393685039 0.03732078541672634 0.023028194904327393 0.04163399338722229 0.0 1.0
adult corr 1 0.8218673218673219 0.02456364159157029 0.0002621114253997803 0.4005295007564297 0.049126020165515816 0.09312981367111206 0.018601149320602417 0.02 1.0
adult corr 2 0.8273955773955773 0.02365876004441539 0.012759774923324585 0.42823678688204575 0.05044785760131476 0.08531725406646729 0.0078352689743042 0.02 1.0
adult corr 3 0.8206388206388207 0.04340376090869863 0.0042608678340911865 0.43782636279342146 0.06693812029265755 0.09677127003669739 0.014261066913604736 0.02 1.0
adult corr 4 0.8141891891891891 0.04976932217173245 0.0007305145263671875 0.467595529744766 0.057921689989602454 0.09505069255828857 0.016837120056152344 0.02 1.0
adult corr 5 0.8206388206388207 0.028671184377776757 0.0015121400356292725 0.43735054414133034 0.039464342413130016 0.09263134002685547 0.01668524742126465 0.02 1.0
adult corr 6 0.8135749385749386 0.0645512863171614 0.0027518272399902344 0.48875115904543454 0.0773704156429239 0.10139229893684387 0.015505403280258179 0.02 1.0
adult corr 7 0.8144963144963145 0.0544649124018578 0.0009996592998504639 0.4811868625250109 0.06759903901055697 0.09398585557937622 0.018016695976257324 0.02 1.0
adult corr 8 0.8249385749385749 0.02868206639453255 0.00646442174911499 0.4070689571031184 0.058519923633227 0.08898100256919861 0.013867497444152832 0.02 1.0
adult corr 9 0.8154176904176904 0.05848330635848796 0.00213700532913208 0.48169928261187833 0.07000628213461757 0.1028076708316803 0.014991790056228638 0.02 1.0
adult corr 10 0.8132678132678133 0.06538627183361564 0.0010016858577728271 0.5180079059099116 0.06635555791760184 0.10463830828666687 0.01711934804916382 0.02 1.0
adult corr 11 0.8191031941031941 0.029914664061679253 0.0007039308547973633 0.41517007466692696 0.044830048499169495 0.09310474991798401 0.016907721757888794 0.02 1.0
adult corr 1 0.8022113022113022 0.049187134275297445 0.0017199814319610596 0.05202283929530038 0.0034299637380472703 0.020484566688537598 0.01824679970741272 0.04 1.0
adult corr 2 0.8006756756756757 0.051713854858171746 0.006836593151092529 0.08478112342003807 0.0034142924694785526 0.0016289055347442627 0.014113157987594604 0.04 1.0
adult corr 3 0.793918918918919 0.039479119711810715 0.001505821943283081 0.05351129764286759 0.0017149818690236351 0.01660621166229248 0.01701897382736206 0.04 1.0
adult corr 4 0.7960687960687961 0.038742909424370614 0.002746284008026123 0.030330388951246873 0.0020611124965420613 0.0058318376541137695 0.016351640224456787 0.04 1.0
adult corr 5 0.8034398034398035 0.04654113004721539 0.003353506326675415 0.059587135815723974 0.00262800360302895 0.016203314065933228 0.017775505781173706 0.04 1.0
adult corr 6 0.7948402948402948 0.04424335035531877 0.0004391968250274658 0.056048997120687116 0.001116748225399089 0.015450865030288696 0.01959964632987976 0.04 1.0
adult corr 7 0.8025184275184275 0.05044986675807561 0.003641188144683838 0.05103460055634185 0.0015269266461986897 0.02074912190437317 0.018611490726470947 0.04 1.0
adult corr 8 0.808968058968059 0.06558968183912779 0.0031696856021881104 0.09740861841784196 0.007159044297906703 0.01739555597305298 0.018430382013320923 0.04 1.0
adult corr 9 0.7997542997542998 0.04673030972312382 0.0007070600986480713 0.07369088868283638 0.00028344555324344434 0.014135688543319702 0.019107401371002197 0.04 1.0
adult corr 10 0.7991400491400491 0.04112021154640573 0.0009599030017852783 0.024791371821775404 0.0030681618419600154 0.02405533194541931 0.016823232173919678 0.04 1.0
adult corr 11 0.8012899262899262 0.051286107891847815 0.0015323162078857422 0.08780684202820752 0.0017306531375923528 0.013306021690368652 0.018116742372512817 0.04 1.0
adult corr 1 0.7893120393120393 0.042085362724823515 0.0006732940673828125 0.08324386315943584 0.003744751828428261 0.0039775073528289795 0.01764744520187378 0.06 1.0
adult corr 2 0.7886977886977887 0.031879705164312176 0.0029447078704833984 0.04089600312332245 0.0006922612550369633 0.0016978979110717773 0.012659549713134766 0.06 1.0
adult corr 3 0.7905405405405406 0.03468475425267122 0.0005433857440948486 0.04997315894783075 0.0006922612550369633 0.0019062459468841553 0.01643270254135132 0.06 1.0
adult corr 4 0.788083538083538 0.028726431539767703 0.001561969518661499 0.021741252257088492 0.0003618018960872549 0.0018575489521026611 0.014703869819641113 0.06 1.0
adult corr 5 0.7933046683046683 0.042870960626770684 0.00010135769844055176 0.07367868820457761 0.001069734419692936 0.008229941129684448 0.017398983240127563 0.06 1.0
adult corr 6 0.7988329238329238 0.05756252032530533 0.001185983419418335 0.1125128105021717 0.003807436902703243 0.005844563245773315 0.01841399073600769 0.06 1.0
adult corr 7 0.7957616707616708 0.041000927901197984 0.0033410191535949707 0.057549655946513095 0.0003774731646559726 0.006975889205932617 0.01587587594985962 0.06 1.0
adult corr 8 0.7966830466830467 0.0533055590782597 0.0024403631687164307 0.10997511102435216 0.005428391160314461 0.01318138837814331 0.017120271921157837 0.06 1.0
adult corr 9 0.7883906633906634 0.03378949910495413 0.0034108757972717285 0.0454345810355766 0.0017149818690236351 0.00601804256439209 0.017950743436813354 0.06 1.0
adult corr 10 0.7923832923832924 0.03577881547573457 0.002275615930557251 0.03636962568932703 0.0017149818690236351 0.001970052719116211 0.015062540769577026 0.06 1.0
adult corr 11 0.793918918918919 0.03760908698623802 6.213784217834473e-05 0.060062954467815136 0.0013218374357989449 0.0013884902000427246 0.017599642276763916 0.06 1.0
adult corr 1 0.7874692874692875 0.04590495060610741 6.750226020812988e-05 0.07971792494265777 0.008827012361224074 0.0025880038738250732 0.015322655439376831 0.08 1.0
adult corr 2 0.7856265356265356 0.02899513364581463 0.002259165048599243 0.043409301644624476 1.5671268568828722e-05 0.0030250251293182373 0.011487483978271484 0.08 1.0
adult corr 3 0.777027027027027 0.021355957883246846 0.00024572014808654785 0.029781367429603238 0.0016993106004548064 0.0044092535972595215 0.012601852416992188 0.08 1.0
adult corr 4 0.7831695331695332 0.02525506819466923 0.0015572607517242432 0.03130642721194671 1.5671268568828722e-05 0.0008163154125213623 0.011998265981674194 0.08 1.0
adult corr 5 0.793918918918919 0.04228416880016976 4.231929779052734e-06 0.06762725098823873 0.0020611124965420613 0.001041114330291748 0.016297757625579834 0.08 1.0
adult corr 6 0.7853194103194103 0.027751653961912103 0.0006884634494781494 0.020728612561612417 0.0017149818690236351 0.0004697740077972412 0.015619099140167236 0.08 1.0
adult corr 7 0.7865479115479116 0.027751653961912103 0.0014964640140533447 0.02375433116978186 0.0003618018960872549 0.0015904605388641357 0.013330221176147461 0.08 1.0
adult corr 8 0.7902334152334153 0.04375658937504997 0.002163618803024292 0.09634717680933091 0.004059539918809252 0.02048259973526001 0.01515573263168335 0.08 1.0
adult corr 9 0.7874692874692875 0.03137243576784975 0.003067582845687866 0.05399931677321752 0.0009913780768491254 0.004231095314025879 0.016772210597991943 0.08 1.0
adult corr 10 0.7776412776412777 0.02637926423336401 0.0018062591552734375 0.06153921233712362 0.0016993106004548064 0.01058661937713623 0.014887005090713501 0.08 1.0
adult corr 11 0.7917690417690417 0.036634309408382415 0.00046572089195251465 0.06056317407642381 0.0006452474493306992 0.001354604959487915 0.016044557094573975 0.08 1.0
adult corr 1 0.7751842751842751 0.02883608878553763 0.0004892349243164062 0.04692303938314382 0.007458161119718976 0.00022175908088684082 0.011193990707397461 0.1 1.0
adult corr 2 0.7604422604422605 0.001482046974318022 0.0003370344638824463 0.008564735737640914 0.0013531799729363803 0.003599017858505249 0.0009911656379699707 0.1 1.0
adult corr 3 0.7874692874692875 0.030009672438739476 0.0016478300094604492 0.034844565906983566 0.0006922612550369633 0.0025211870670318604 0.014898210763931274 0.1 1.0
adult corr 4 0.7859336609336609 0.027592609101635107 0.001065969467163086 0.03231906690742277 0.00034613062751842616 0.0013610124588012695 0.012219786643981934 0.1 1.0
adult corr 5 0.7757985257985258 0.029771105148323984 7.998943328857422e-05 0.049948757991313264 0.007458161119718976 0.0071294307708740234 0.01124560832977295 0.1 1.0
adult corr 6 0.7856265356265356 0.026776876384056503 0.0003139376640319824 0.02728026938655996 0.00031478809038099076 8.413195610046387e-05 0.01487460732460022 0.1 1.0
adult corr 7 0.7862407862407862 0.02720462335038043 0.0017077922821044922 0.017702893953442975 0.0016993106004548064 0.00034242868423461914 0.012116312980651855 0.1 1.0
adult corr 8 0.788083538083538 0.030944688801525823 0.0001119077205657959 0.047447659948269966 0.0009913780768491254 0.0045191943645477295 0.014954149723052979 0.1 1.0
adult corr 9 0.7856265356265356 0.02720462335038043 0.004008740186691284 0.03534478551559221 0.0009913780768491254 0.004452764987945557 0.016347557306289673 0.1 1.0
adult corr 10 0.7687346437346437 0.01087197181725076 0.0009669661521911621 0.01967937143136011 0.0 0.019468843936920166 0.010830223560333252 0.1 1.0
adult corr 11 0.7917690417690417 0.036554786978243915 0.0004949867725372314 0.06560197159728662 0.0009913780768491254 0.0028901994228363037 0.015827417373657227 0.1 1.0
adult corr 1 0.7668918918918919 0.033740111490447054 0.001751929521560669 0.06909130837928848 0.015907700316287077 0.005359947681427002 0.006820201873779297 0.2 1.0
adult corr 2 0.7589066339066339 0.0 0.00042173266410827637 0.0 0.0 0.0018334388732910156 0.0010830163955688477 0.2 1.0
adult corr 3 0.7589066339066339 0.0 0.0003027915954589844 0.0 0.0 0.0076563358306884766 0.003154367208480835 0.2 1.0
adult corr 4 0.7724201474201474 0.014263812732210727 0.0011402368545532227 0.01212727538919526 0.0013531799729363803 0.006403446197509766 0.007951945066452026 0.2 1.0
adult corr 5 0.773034398034398 0.0328846175577992 0.0005514919757843018 0.06809086916207116 0.010494980424541445 0.007653266191482544 0.008309006690979004 0.2 1.0
adult corr 6 0.7589066339066339 0.0 0.00017580389976501465 0.0 0.0 0.0002142786979675293 0.0017548799514770508 0.2 1.0
adult corr 7 0.7601351351351351 0.0018700327255726976 0.0009689927101135254 0.006051437216338881 0.0 0.012028664350509644 0.006536662578582764 0.2 1.0
adult corr 8 0.7589066339066339 0.0 0.000597834587097168 0.0 0.0 0.007445871829986572 0.004343658685684204 0.2 1.0
adult corr 9 0.7721130221130221 0.022131929385756196 0.0004595816135406494 0.05800107364208677 0.0020454412279734546 0.011875778436660767 0.009494632482528687 0.2 1.0
adult corr 10 0.7589066339066339 0.0 0.0009274482727050781 0.0 0.0 0.01327773928642273 0.005175799131393433 0.2 1.0
adult corr 11 0.7589066339066339 0.0 0.0005291104316711426 0.0 0.0 0.010066747665405273 0.005002021789550781 0.2 1.0
adult corr 1 0.7632063882063882 0.026180458158017766 0.000866234302520752 0.0529500756429652 0.01420838971583216 0.007338017225265503 0.0054406821727752686 0.5 1.0
adult corr 2 0.7589066339066339 0.0 0.0008552968502044678 0.0 0.0 0.003912597894668579 0.000241011381149292 0.5 1.0
adult corr 3 0.7589066339066339 0.0 0.0002779364585876465 0.0 0.0 0.0020003914833068848 0.00047463178634643555 0.5 1.0
adult corr 4 0.7589066339066339 0.0 0.00014653801918029785 0.0 0.0 0.006885409355163574 0.003678053617477417 0.5 1.0
adult corr 5 0.7589066339066339 0.0 0.0005736649036407471 0.0 0.0 0.0007439851760864258 0.0016991794109344482 0.5 1.0
adult corr 6 0.7589066339066339 0.0 0.00016894936561584473 0.0 0.0 0.0014466345310211182 0.0005119740962982178 0.5 1.0
adult corr 7 0.7589066339066339 0.0 0.00047206878662109375 0.0 0.0 0.0038387179374694824 0.001204758882522583 0.5 1.0
adult corr 8 0.7589066339066339 0.0 0.00021201372146606445 0.0 0.0 0.0016886889934539795 0.0012252330780029297 0.5 1.0
adult corr 9 0.7684275184275184 0.02672748876954944 0.0008527636528015137 0.06152701185886487 0.009141800451605064 0.007806986570358276 0.006466537714004517 0.5 1.0
adult corr 10 0.7589066339066339 0.0 0.0006174743175506592 0.0 0.0 0.0022158920764923096 0.0006823539733886719 0.5 1.0
adult corr 11 0.7589066339066339 0.0 0.00017383694648742676 0.0 0.0 0.0034830570220947266 0.0016351640224456787 0.5 1.0
adult corr 1 0.7641277641277642 0.021972884525479196 0.0011803209781646729 0.048411497730711045 0.010148849797023018 0.006642192602157593 0.002751260995864868 2.0 1.0
adult corr 2 0.7589066339066339 0.0 0.00042766332626342773 0.0 0.0 0.0020287930965423584 0.0002314448356628418 2.0 1.0
adult corr 3 0.7589066339066339 0.0 1.65402889251709e-05 0.0 0.0 0.0009628832340240479 0.0004640519618988037 2.0 1.0
adult corr 4 0.7589066339066339 0.0 0.00010564923286437988 0.0 0.0 0.0038013756275177 0.0017356574535369873 2.0 1.0
adult corr 5 0.7625921375921376 0.005610098176718092 0.0009481310844421387 0.018154311649016642 0.0 0.003315150737762451 0.0024207234382629395 2.0 1.0
adult corr 6 0.7589066339066339 0.0 5.459785461425781e-05 0.0 0.0 0.0015069842338562012 0.0005998313426971436 2.0 1.0
adult corr 7 0.7589066339066339 0.0 8.07642936706543e-06 0.0 0.0 0.0010817646980285645 0.00046762824058532715 2.0 1.0
adult corr 8 0.7589066339066339 0.0 0.0003052651882171631 0.0 0.0 0.0007911026477813721 0.0008135735988616943 2.0 1.0
adult corr 9 0.7598280098280098 0.0032725572697522207 0.00066336989402771 0.007564296520423601 0.0013531799729363803 0.0032477080821990967 0.003468722105026245 2.0 1.0
adult corr 10 0.7589066339066339 0.0 0.00037744641304016113 0.0 0.0 0.0013822615146636963 0.00019368529319763184 2.0 1.0
adult corr 11 0.7589066339066339 0.0 8.094310760498047e-05 0.0 0.0 0.0011852681636810303 0.0007048547267913818 2.0 1.0
