adult fair-scale 2 0.7883906633906634 0.023981454409838295 0.023981456428213588 0.030171783633072352 0.0014001938203717819 0.03017178267752474 0.001400193706905653 0.001 0
adult fair-scale 0 0.8301597051597052 0.20166470345024928 0.20166470897688576 0.42213656033332136 0.07648601328750484 0.4221365875642471 0.07648601238387853 0 0
adult fair-scale 1 0.8335380835380836 0.19555696209448176 0.19555695937743645 0.39694257197816796 0.0690905370216586 0.3969425528330368 0.06909053419800198 0 0
adult fair-scale 2 0.7883906633906634 0.023981454409838295 0.023981456428213588 0.030171783633072352 0.0014001938203717819 0.03017178267752474 0.001400193706905653 0 0
adult fair-scale 3 0.8071253071253072 0.07777503168885827 0.07777503550872306 0.15537309525563142 0.013893602039512874 0.15537309364596275 0.01389360189865832 0 0
adult fair-scale 4 0.8126535626535627 0.11156453180081793 0.11156453152193213 0.21842516877593793 0.02852647916180098 0.21842517609671264 0.028526480228497963 0 0
adult fair-scale 5 0.8326167076167076 0.19220488229469126 0.1922048853249812 0.39441707290334144 0.06739122637056028 0.39441705925515436 0.06739122714523152 0 0
adult fair-scale 6 0.8363022113022113 0.1862766942207454 0.1862766882040108 0.40499488786891913 0.0595712631217011 0.40499487981184923 0.059571264224388076 0 0
adult fair-scale 7 0.8326167076167076 0.1610312516731412 0.16103124446514963 0.3454931536277166 0.04704651236448838 0.3454931630341158 0.04704651283611391 0 0
adult fair-scale 8 0.8034398034398035 0.0741144885587587 0.07411448878391047 0.13520570409288638 0.015592912690611083 0.1352057050229818 0.015592912676719195 0 0
adult fair-scale 9 0.8332309582309583 0.18763945759046918 0.18763945252118847 0.407007966841607 0.06295421315486187 0.40700797459506877 0.06295421534640233 0 0
adult fair-scale 0 0.8304668304668305 0.2011971952549233 0.20119719993165713 0.42213656033332136 0.07580942328087276 0.4221365875642471 0.07580942513970801 0.001 0
adult fair-scale 1 0.8335380835380836 0.1964124560526253 0.19641245183087724 0.39391685327982506 0.07110463577251921 0.39391684216013045 0.07110463294698688 0.001 0
adult fair-scale 2 0.7883906633906634 0.023981454409838295 0.023981456428213588 0.030171783633072352 0.0014001938203717819 0.03017178267752474 0.001400193706905653 0.001 0
adult fair-scale 3 0.8062039312039312 0.07637250710288025 0.07637250837303716 0.1508345172081171 0.013893602039512874 0.1508345276366032 0.01389360189865832 0.001 0
adult fair-scale 4 0.8126535626535627 0.11156453180081793 0.11156453152193213 0.21842516877593793 0.02852647916180098 0.21842517609671264 0.028526480228497963 0.001 0
adult fair-scale 5 0.8326167076167076 0.19220488229469126 0.1922048853249812 0.39441707290334144 0.06739122637056028 0.39441705925515436 0.06739122714523152 0.001 0
adult fair-scale 6 0.8363022113022113 0.1862766942207454 0.1862766882040108 0.40499488786891913 0.0595712631217011 0.40499487981184923 0.059571264224388076 0.001 0
adult fair-scale 7 0.8329238329238329 0.16056374347781519 0.16056375032108264 0.3454931536277166 0.04636992235785618 0.3454931630341158 0.04636992186665298 0.001 0
adult fair-scale 8 0.8031326781326781 0.07364698036343267 0.07364697973868184 0.1336928447437149 0.015592912690611083 0.13369284968652861 0.015592912676719195 0.001 0
adult fair-scale 9 0.8332309582309583 0.18763945759046918 0.18763945252118847 0.407007966841607 0.06295421315486187 0.40700797459506877 0.06295421534640233 0.001 0
adult fair-scale 0 0.8289312039312039 0.19885965427829325 0.19885965470551398 0.41457226358746413 0.07580942328087276 0.41457228107965793 0.07580942513970801 0.01 0
adult fair-scale 1 0.8347665847665847 0.19080235770871326 0.1908023581892953 0.38786541588313933 0.06569191571946195 0.38786542081431774 0.06569191264188023 0.01 0
adult fair-scale 2 0.7877764127764127 0.022539168607606058 0.02253916926798727 0.026645845311213105 4.7013807107384716e-05 0.02664584000843284 4.7013630628992e-05 0.01 0
adult fair-scale 3 0.8043611793611793 0.06939964538924442 0.06939964296369674 0.12764140734702917 0.01186383201961639 0.12764141343955426 0.011863831784243328 0.01 0
adult fair-scale 4 0.8114250614250614 0.11487685038435419 0.11487684368720175 0.23254112254199727 0.02989533044410102 0.23254112102213842 0.029895328876236915 0.01 0
adult fair-scale 5 0.8283169533169533 0.18659478395077922 0.18659479168339926 0.3747499013641128 0.06806781637719236 0.37474991007893976 0.06806781438940204 0.01 0
adult fair-scale 6 0.8363022113022113 0.18534167783009337 0.18534168501471518 0.4034820285197477 0.05889467311506891 0.4034820542777193 0.058894669529636734 0.01 0
adult fair-scale 7 0.8301597051597052 0.1526161041572731 0.15261611145335754 0.3258259820884879 0.043663562331327614 0.32582598405557794 0.04366356171409966 0.01 0
adult fair-scale 8 0.8040540540540541 0.07454223553783046 0.07454223501063087 0.12562832837434132 0.01760701144147181 0.12562833355749636 0.01760701142570409 0.01 0
adult fair-scale 9 0.8335380835380836 0.17084892377498728 0.17084891951378925 0.3732248415363189 0.051452183042115164 0.37322485814168593 0.05145218376672811 0.01 0
adult fair-scale 0 0.8111179361179361 0.1216810408332484 0.12168104843589797 0.2436191571310914 0.04028061229816684 0.24361915122327638 0.0402806105920854 0.1 0
adult fair-scale 1 0.8058968058968059 0.09788751048760114 0.0978875096257778 0.13472988542661468 0.034899234783181216 0.1347298811295592 0.03489923488048416 0.1 0
adult fair-scale 2 0.7874692874692875 0.012104569845141772 0.012104569363730222 0.09368747534102817 0.0009600355683229787 0.09368747751973494 0.0009600357438634549 0.1 0
adult fair-scale 3 0.785012285012285 0.021753570682246242 0.02175357257585442 0.004477575654402575 0.0003147880997624069 0.004477575554775459 0.00031478820375466926 0.1 0
adult fair-scale 4 0.7926904176904177 0.027850430020933712 0.02785043128879161 0.03771167942168486 0.000897350492179836 0.037711681059350965 0.0008973507478043652 0.1 0
adult fair-scale 5 0.793918918918919 0.06071579575932147 0.06071579264747473 0.07016495255713676 0.018645403354973687 0.07016495079293694 0.01864540353105673 0.1 0
adult fair-scale 6 0.8227886977886978 0.13084202505822207 0.1308420302224763 0.27388854459314255 0.034222644776549016 0.2738885439601104 0.034222643911023226 0.1 0
adult fair-scale 7 0.7936117936117936 0.04501932319950846 0.04501932248530749 0.035881607628332306 0.007505175149096882 0.03588160979394939 0.007505174949919424 0.1 0
adult fair-scale 8 0.7874692874692875 0.028696297579352555 0.0286962975918143 0.006124640268419863 7.835634517901153e-05 0.006124645654101535 7.835589582788627e-05 0.1 0
adult fair-scale 9 0.7877764127764127 0.034296769523539904 0.03429676880826854 0.03737006602025906 0.0037447519400305622 0.037370064478220444 0.0037447517922446633 0.1 0
adult fair-scale 0 0.847051597051597 0.207224158560827 0.2072241703338672 0.2891147419138358 0.0836450577987678 0.28911472228511315 0.08364505849465895 1 0
adult fair-scale 1 0.8492014742014742 0.1928904493707378 0.1928904561069742 0.232150707226082 0.07653302709461234 0.23215071058722447 0.07653302368620102 1 0
adult fair-scale 2 0.8513513513513513 0.19052277357757824 0.19052277700670872 0.20998243756927157 0.07319709086855884 0.20998243123240545 0.07319709131709007 1 0
adult fair-scale 3 0.8458230958230958 0.2230206619699533 0.22302065895559348 0.43628911553524774 0.0825753233471943 0.436289114841494 0.0825753199331557 1 0
adult fair-scale 4 0.8452088452088452 0.1876080671565843 0.1876080837132954 0.20040506185072654 0.07325977594470198 0.20040503741517757 0.07325977305352005 1 0
adult fair-scale 5 0.8445945945945946 0.1816798790826384 0.1816798837983572 0.18123810993501413 0.07354322150639277 0.18123809043282524 0.07354322295019688 1 0
adult fair-scale 6 0.8516584766584766 0.17370210494556682 0.17370209615534815 0.1429408075394565 0.06410230395161429 0.14294082352342663 0.06410230514712045 1 0
adult fair-scale 7 0.8424447174447175 0.2156296796769704 0.215629684645822 0.34152799807545275 0.08970302532038563 0.3415280086257457 0.08970302517572112 1 0
adult fair-scale 8 0.8421375921375921 0.21166067321656173 0.2116606820124589 0.3092699325979585 0.08971869658942128 0.3092699441096167 0.08971869560982862 1 0
adult fair-scale 9 0.8421375921375921 0.21067626920993077 0.2106762702964623 0.3747865027999797 0.08123781460296577 0.3747864924307609 0.08123781587892215 1 0
adult fair-scale 0 0.8461302211302212 0.20718439734457283 0.20718440658403636 0.2845761638663214 0.08532869718083025 0.2845761860780769 0.08532869511332192 10 0
adult fair-scale 1 0.8424447174447175 0.20523484213076032 0.20523484290346017 0.28708946246252554 0.08600528718746245 0.28708947560457787 0.08600528980807326 10 0
adult fair-scale 2 0.8513513513513513 0.17876517266164438 0.17876517560378224 0.15554390195634432 0.06781571335357321 0.15554392801356087 0.06781571188019841 10 0
adult fair-scale 3 0.8464373464373465 0.223448408949025 0.22344840611363648 0.44586649125379274 0.08122214333393 0.4458665086587219 0.08122214544481465 10 0
adult fair-scale 4 0.8461302211302212 0.18433550978930227 0.18433552039669499 0.17822459171529353 0.07324410467566622 0.178224598712462 0.07324410261941255 10 0
adult fair-scale 5 0.8452088452088452 0.18125213210356664 0.1812521385029594 0.16510907719626694 0.07522686088845533 0.16510907307592237 0.07522686050018246 10 0
adult fair-scale 6 0.851044226044226 0.17370210494556682 0.17370209615534815 0.14142794819028506 0.06477889395824636 0.14142793838465018 0.06477889239129098 10 0
adult fair-scale 7 0.8430589680589681 0.21426691630724662 0.21426692125996694 0.3334634817060792 0.08902643531375343 0.3334634999472943 0.0890264379315506 10 0
adult fair-scale 8 0.8409090909090909 0.20850739949804237 0.2085074062200606 0.288602321811697 0.09006482722725542 0.2886023011387078 0.09006482817425804 10 0
adult fair-scale 9 0.8442874692874693 0.20411064605856188 0.2041106582912997 0.2573568960598579 0.0866975484631303 0.25735691956749296 0.08669754748635128 10 0
adult fair-scale 0 0.8461302211302212 0.20488661758419702 0.20488662510772404 0.28306330451714995 0.08296846779213561 0.28306330093930043 0.08296847125048842 100 0
adult fair-scale 1 0.8436732186732187 0.20301658480289297 0.20301658892680952 0.2644087727035763 0.08600528718746245 0.2644087751033535 0.08600528980807326 100 0
adult fair-scale 2 0.8513513513513513 0.17876517266164438 0.17876517560378224 0.15554390195634432 0.06781571335357321 0.15554392801356087 0.06781571188019841 100 0
adult fair-scale 3 0.8464373464373465 0.223448408949025 0.22344840611363648 0.44586649125379274 0.08122214333393 0.4458665086587219 0.08122214544481465 100 0
adult fair-scale 4 0.8461302211302212 0.18433550978930227 0.18433552039669499 0.17822459171529353 0.07324410467566622 0.178224598712462 0.07324410261941255 100 0
adult fair-scale 5 0.8461302211302212 0.18452468947084866 0.18452468691839818 0.17267337394212423 0.0765800409017196 0.17267337956051154 0.07658004243910432 100 0
adult fair-scale 6 0.851044226044226 0.17370210494556682 0.17370209615534815 0.14142794819028506 0.06477889395824636 0.14142793838465018 0.06477889239129098 100 0
adult fair-scale 7 0.8430589680589681 0.21426691630724662 0.21426692125996694 0.3334634817060792 0.08902643531375343 0.3334634999472943 0.0890264379315506 100 0
adult fair-scale 8 0.8412162162162162 0.20803989130271636 0.20803989717483196 0.288602321811697 0.08938823722062322 0.2886023011387078 0.08938824093008751 100 0
adult fair-scale 9 0.8442874692874693 0.20411064605856188 0.2041106582912997 0.2573568960598579 0.0866975484631303 0.25735691956749296 0.08669754748635128 100 0
adult fair-scale 0 0.8461302211302212 0.20488661758419702 0.20488662510772404 0.28306330451714995 0.08296846779213561 0.28306330093930043 0.08296847125048842 1000 0
adult fair-scale 1 0.8436732186732187 0.20301658480289297 0.20301658892680952 0.2644087727035763 0.08600528718746245 0.2644087751033535 0.08600528980807326 1000 0
adult fair-scale 2 0.8513513513513513 0.17876517266164438 0.17876517560378224 0.15554390195634432 0.06781571335357321 0.15554392801356087 0.06781571188019841 1000 0
adult fair-scale 3 0.8464373464373465 0.223448408949025 0.22344840611363648 0.44586649125379274 0.08122214333393 0.4458665086587219 0.08122214544481465 1000 0
adult fair-scale 4 0.8461302211302212 0.18433550978930227 0.18433552039669499 0.17822459171529353 0.07324410467566622 0.178224598712462 0.07324410261941255 1000 0
adult fair-scale 5 0.8461302211302212 0.18452468947084866 0.18452468691839818 0.17267337394212423 0.0765800409017196 0.17267337956051154 0.07658004243910432 1000 0
adult fair-scale 6 0.851044226044226 0.17370210494556682 0.17370209615534815 0.14142794819028506 0.06477889395824636 0.14142793838465018 0.06477889239129098 1000 0
adult fair-scale 7 0.8430589680589681 0.21426691630724662 0.21426692125996694 0.3334634817060792 0.08902643531375343 0.3334634999472943 0.0890264379315506 1000 0
adult fair-scale 8 0.8409090909090909 0.20850739949804237 0.2085074062200606 0.288602321811697 0.09006482722725542 0.2886023011387078 0.09006482817425804 1000 0
adult fair-scale 9 0.8442874692874693 0.20411064605856188 0.2041106582912997 0.2573568960598579 0.0866975484631303 0.25735691956749296 0.08669754748635128 1000 0
adult fs 11 0.8234029484029484 0.16664135001705324 0.1666413530078932 0.33187741948517363 0.06125490250376355 0.33187743520371393 0.06125490084305105 0 0
adult fair-scale 1 0.8347665847665847 0.19080235770871326 0.1908023581892953 0.38786541588313933 0.06569191571946195 0.38786542081431774 0.06569191264188023 0.01 0
