
adult fnnc 1 0.8148034398034398 0.07136510296271276 0.002898663282394409 0.5048801913034991 0.08377451361151877 0.1421205997467041 0.01647847890853882 1 ce
adult fnnc 2 0.8277027027027027 0.033078819702979545 0.010199487209320068 0.43982724122785616 0.06121061231053093 0.11038514971733093 0.007032305002212524 1 ce
adult fnnc 3 0.8227886977886978 0.038529873019420624 0.007628291845321655 0.4519301156605339 0.06253244974632988 0.12180015444755554 0.009095847606658936 1 ce
adult fnnc 4 0.8307739557739557 0.02162005605912784 0.017144858837127686 0.4196476501878874 0.057119729854584245 0.10685485601425171 0.0014821290969848633 1 ce
adult fnnc 5 0.8304668304668305 0.01529300039384529 0.019943565130233765 0.4070689571031184 0.04376031407947656 0.0972425639629364 0.000725865364074707 1 ce
adult fnnc 6 0.8237100737100738 0.04257840179168221 0.008229374885559082 0.41865941144892876 0.07431792506953272 0.11911091208457947 0.009034931659698486 1 ce
adult fnnc 7 0.827088452088452 0.029607456357881062 0.009154081344604492 0.424698648187009 0.061509729132343205 0.11995616555213928 0.008029758930206299 1 ce
adult fnnc 8 0.8234029484029484 0.04604013873734286 0.0034989118576049805 0.4383143819237715 0.0763163524917998 0.1326165497303009 0.012557297945022583 1 ce
adult fnnc 9 0.8356879606879607 0.014219447586975548 0.01861053705215454 0.3712483529354351 0.06083313914587496 0.1044355034828186 0.001113802194595337 1 ce
adult fnnc 10 0.8286240786240786 0.03159677272866154 0.01186835765838623 0.4211727099702309 0.06423176034678468 0.10990285873413086 0.0059590935707092285 1 ce
adult fnnc 11 0.8295454545454546 0.01645695764760932 0.01916271448135376 0.41714655214484403 0.04440556152880726 0.10527476668357849 0.0015350878238677979 1 ce

adult fnnc 1 0.8230958230958231 0.041424070937356006 0.003975629806518555 0.4484163779220145 0.06193421610270544 0.1176198422908783 0.011041700839996338 2 ce
adult fnnc 2 0.8341523341523341 0.005496674078994207 0.021316319704055786 0.34657898589624714 0.030322541961525062 0.07978039979934692 0.001628577709197998 2 ce
adult fnnc 3 0.8292383292383292 0.017003988259141012 0.011619657278060913 0.384888487628715 0.04980261015198406 0.1022457480430603 0.006359130144119263 2 ce
adult fnnc 4 0.8200245700245701 0.04874515697936979 0.0008679628372192383 0.4685837684837245 0.06495536413895919 0.11751389503479004 0.014012157917022705 2 ce
adult fnnc 5 0.8264742014742015 0.03991188914740654 0.006014704704284668 0.45749353374652285 0.05828349188568971 0.10911306738853455 0.010672509670257568 2 ce
adult fnnc 6 0.8267813267813268 0.04017096485401567 0.007167190313339233 0.4579815528768728 0.06393264352497252 0.1121211051940918 0.00988161563873291 2 ce
adult fnnc 7 0.8052825552825553 0.08904126502607708 0.003128528594970703 0.5260602215606852 0.09584343448796517 0.11742109060287476 0.017970412969589233 2 ce
adult fnnc 8 0.8267813267813268 0.03332701339283285 0.008114010095596313 0.42472304914352643 0.057921689989602454 0.09899207949638367 0.010104358196258545 2 ce
adult fnnc 9 0.8267813267813268 0.035465748224452476 0.011517345905303955 0.4171587526231028 0.06295693671669211 0.1029258668422699 0.005571931600570679 2 ce
adult fnnc 10 0.8249385749385749 0.04578106303073376 0.0016634464263916016 0.4428651603142843 0.07101333148003552 0.11792445182800293 0.01758354902267456 2 ce
adult fnnc 11 0.8255528255528255 0.0314871154828916 0.00266227126121521 0.4196720511444048 0.05954264424721356 0.1181204617023468 0.01313832402229309 2 ce

adult fnnc 1 0.812039312039312 0.06289931246581058 0.0014842450618743896 0.5059172319554927 0.06267349116344867 0.10681349039077759 0.01470765471458435 3 ce
adult fnnc 2 0.827088452088452 0.026443300716580798 0.01881471276283264 0.4267483285344785 0.046183228472105875 0.0777115523815155 0.0012047290802001953 3 ce
adult fnnc 3 0.8178746928746928 0.05623491428109839 0.005123883485794067 0.4837245620028305 0.06468758985428447 0.09739628434181213 0.009114861488342285 3 ce
adult fnnc 4 0.8132678132678133 0.046625674946625784 0.004739254713058472 0.44038846322775854 0.05427096577258672 0.08830526471138 0.011010736227035522 3 ce
adult fnnc 5 0.816953316953317 0.04440741768486767 0.0048452019691467285 0.44391440144453664 0.05294912833678789 0.09449911117553711 0.010727882385253906 3 ce
adult fnnc 6 0.8166461916461917 0.05121160793098123 0.004673480987548828 0.47566004587379823 0.05929054123110766 0.0962749719619751 0.010669142007827759 3 ce
adult fnnc 7 0.8095823095823096 0.07679564786296025 0.0032078325748443604 0.5396881557757064 0.07375103396304583 0.10249239206314087 0.017323791980743408 3 ce
adult fnnc 8 0.8203316953316954 0.0488343058089461 0.004594862461090088 0.47010882826606804 0.06064372120404404 0.09214484691619873 0.011229485273361206 3 ce
adult fnnc 9 0.816953316953317 0.05814470822174034 0.00578644871711731 0.47213410765702013 0.06772440915910705 0.1019713282585144 0.008681416511535645 3 ce
adult fnnc 10 0.8144963144963145 0.05635419792630614 0.0003978610038757324 0.47969840417744375 0.06232736053593013 0.09949836134910583 0.015399456024169922 3 ce
adult fnnc 11 0.8151105651105651 0.05787600611569341 0.0039573609828948975 0.5064174515641013 0.058645293781776964 0.11872538924217224 0.017072588205337524 3 ce

adult fnnc 1 0.8031326781326781 0.036528419014566424 0.0019790232181549072 0.39355082719242596 0.03315427205594779 0.07496494054794312 0.011962473392486572 4 ce
adult fnnc 2 0.8135749385749386 0.0036580317863709466 0.016309231519699097 0.25995559025913817 0.015672631287755867 0.05945286154747009 0.0011157393455505371 4 ce
adult fnnc 3 0.8101965601965602 0.028580779930882455 0.0041342079639434814 0.3824483919769655 0.031816763351580124 0.0713438093662262 0.009815812110900879 4 ce
adult fnnc 4 0.8043611793611793 0.05042475441171608 0.0015439391136169434 0.4661314723537162 0.039873158114923535 0.07201129198074341 0.012644052505493164 4 ce
adult fnnc 5 0.8058968058968059 0.025397371490706547 0.004871845245361328 0.3421380118100629 0.028480827224945382 0.07040449976921082 0.010380774736404419 4 ce
adult fnnc 6 0.8098894348894349 0.04772936256912698 0.0024145841598510742 0.46661949148406623 0.043555224869076814 0.07716682553291321 0.011571764945983887 4 ce
adult fnnc 7 0.8092751842751843 0.027954226889212272 0.0005978047847747803 0.39403884632277586 0.02977132212360678 0.07413604855537415 0.012996435165405273 4 ce
adult fnnc 8 0.8132678132678133 0.03526568653178826 0.005968749523162842 0.41822019423161383 0.040518405564254234 0.06980222463607788 0.008970946073532104 4 ce
adult fnnc 9 0.812960687960688 0.0337535047418388 0.0038499832153320312 0.3980650041481626 0.039542698755973826 0.08320435881614685 0.01032644510269165 4 ce
adult fnnc 10 0.8132678132678133 0.03453910264378597 0.0004988908767700195 0.44495144209653015 0.029818335929312934 0.07932931184768677 0.014322429895401001 4 ce
adult fnnc 11 0.8028255528255528 0.05147905441971018 0.0008476972579956055 0.43034746962080916 0.04527020673810045 0.0865919291973114 0.014235377311706543 4 ce

adult fnnc 1 0.7972972972972973 0.0019014231585221045 0.0014106929302215576 0.2116172953979796 0.008355511585155684 0.05224984884262085 0.011931836605072021 5 ce
adult fnnc 2 0.8006756756756757 0.012780510140574734 0.013027280569076538 0.1375115904543458 0.006671872253269484 0.043868422508239746 0.0009427666664123535 5 ce
adult fnnc 3 0.8012899262899262 0.0003398537540655819 0.004440635442733765 0.21916939144014444 0.009362560930573527 0.04436829686164856 0.009816855192184448 5 ce
adult fnnc 4 0.7963759213759214 0.01962446160175753 0.002400726079940796 0.07653360011712457 0.0026593461401664964 0.0410287082195282 0.011527001857757568 5 ce
adult fnnc 5 0.8019041769041769 0.006394440461347288 0.0025699734687805176 0.17430823288272904 0.00870164221267411 0.05019208788871765 0.010986119508743286 5 ce
adult fnnc 6 0.7948402948402948 0.027555359121201807 0.001305997371673584 0.30940412864184275 0.023130792407474732 0.052724599838256836 0.011715561151504517 5 ce
adult fnnc 7 0.8003685503685504 0.003629152588057488 0.0010547041893005371 0.18035967009906792 0.009708691558092064 0.04983264207839966 0.011782020330429077 5 ce
adult fnnc 8 0.8046683046683046 0.008506807329289406 0.006013423204421997 0.28014738177736564 0.014712595748044066 0.049062520265579224 0.00812441110610962 5 ce
adult fnnc 9 0.8019041769041769 0.002050841619361282 0.00348779559135437 0.21160509491972085 0.014067348298713367 0.052391260862350464 0.01027950644493103 5 ce
adult fnnc 10 0.800982800982801 0.006019847961484359 0.0004285275936126709 0.24537601873993461 0.013375087043676515 0.05649295449256897 0.013209611177444458 5 ce
adult fnnc 11 0.8031326781326781 0.01637492398283487 0.0002949535846710205 0.2922502562100434 0.02010964437122098 0.05737808346748352 0.012845814228057861 5 ce
adult FNNC 7 0.7592137592137592 0.0008783701104466368 0.00987733080862688 nan 0.0 nan 0.0077922282729238155 0.01 1
adult FNNC 7 0.7598280098280098 0.002029609072168183 0.021811921266117335 nan 0.0015891132514303623 nan 0.01591981225907473 0.01 1
adult FNNC 7 0.7592137592137592 0.0008783701104466368 0.00987733080862688 nan 0.0 nan 0.0077922282729238155 0.01 1
adult FNNC 7 0.7598280098280098 0.002029609072168183 0.021811921266117335 nan 0.0015891132514303623 nan 0.01591981225907473 0.01 1
adult FNNC 7 0.7592137592137592 0.0008783701104466368 0.00987733080862688 nan 0.0 nan 0.0077922282729238155 0.01 1
adult FNNC 7 0.7598280098280098 0.002029609072168183 0.021811921266117335 nan 0.0015891132514303623 nan 0.01591981225907473 0.01 1
adult FNNC 7 0.8141891891891891 0.11920513530290903 0.10689609511943839 nan 0.03859261466474327 nan 0.051725193285640174 0.01 1
adult FNNC 7 0.8206388206388207 0.12715032511218533 0.13280148859480664 nan 0.03702983459656567 nan 0.07080947592753195 0.01 1
adult FNNC 7 0.7933046683046683 0.06075863917088145 0.060136226033457016 nan 0.013604296599730177 nan 0.026805955698238182 0.01 1
adult FNNC 7 0.8138820638820639 0.11545958618530044 0.1287629580920023 nan 0.041204841220051726 nan 0.07706780288918823 0.01 1
adult FNNC 7 0.7592137592137592 0.0008783701104466368 0.009710116964312409 nan 0.0 nan 0.007684514393930777 0.01 1
adult FNNC 7 0.7598280098280098 0.0012466233517787566 0.021371726263820168 nan 0.0011217514321923724 nan 0.015635756700685295 0.01 1
adult FNNC 7 0.7592137592137592 0.0008783701104466368 0.009710116964312409 nan 0.0 nan 0.007684514393930777 0.01 1
adult FNNC 7 0.7598280098280098 0.0012466233517787566 0.021371726263820168 nan 0.0011217514321923724 nan 0.015635756700685295 0.01 1
adult FNNC 7 0.7592137592137592 0.0008783701104466368 0.009710116964312409 nan 0.0 nan 0.007684514393930777 0.01 1
adult FNNC 7 0.7598280098280098 0.0012466233517787566 0.021371726263820168 nan 0.0011217514321923724 nan 0.015635756700685295 0.01 1
adult FNNC 7 0.7933046683046683 0.06075863917088145 0.060136226033457016 nan 0.013604296599730177 nan 0.026805955698238182 0.01 1
adult FNNC 7 0.8138820638820639 0.11545958618530044 0.1287629580920023 nan 0.041204841220051726 nan 0.07706780288918823 0.01 1
adult FNNC 7 0.7933046683046683 0.06075863917088145 0.060136226033457016 nan 0.013604296599730177 nan 0.026805955698238182 0.01 1
adult FNNC 7 0.8138820638820639 0.11545958618530044 0.1287629580920023 nan 0.041204841220051726 nan 0.07706780288918823 0.01 1
adult FNNC 7 0.7592137592137592 0.0008783701104466368 0.009710116964312409 nan 0.0 nan 0.007684514393930777 0.01 1
adult FNNC 7 0.7598280098280098 0.0012466233517787566 0.021371726263820168 nan 0.0011217514321923724 nan 0.015635756700685295 0.01 1
adult FNNC 7 0.7933046683046683 0.06075863917088145 0.060136226033457016 nan 0.013604296599730177 nan 0.026805955698238182 0.01 1
adult FNNC 7 0.8138820638820639 0.11545958618530044 0.1287629580920023 nan 0.041204841220051726 nan 0.07706780288918823 0.01 1
adult FNNC 7 0.7933046683046683 0.06075863917088145 0.060136226033457016 nan 0.013604296599730177 nan 0.026805955698238182 0.01 1
adult FNNC 7 0.8138820638820639 0.11545958618530044 0.1287629580920023 nan 0.041204841220051726 nan 0.07706780288918823 0.01 1
adult FNNC 7 0.7933046683046683 0.06075863917088145 0.060136226033457016 nan 0.013604296599730177 nan 0.026805955698238182 0.01 1
adult FNNC 7 0.8138820638820639 0.11545958618530044 0.1287629580920023 nan 0.041204841220051726 nan 0.07706780288918823 0.01 1
adult FNNC 7 0.7933046683046683 0.06075863917088145 0.060136226033457016 nan 0.013604296599730177 nan 0.026805955698238182 0.01 1
adult FNNC 7 0.8138820638820639 0.11545958618530044 0.1287629580920023 nan 0.041204841220051726 nan 0.07706780288918823 0.01 1
adult FNNC 7 0.8068181818181818 0.18354125088685252 0.15831937345182404 nan 0.0872421619417452 nan 0.09477457523085062 0.01 1
adult FNNC 7 0.7877764127764127 0.08627689710617154 0.07562028665342264 nan 0.03191490789310966 nan 0.04256702000980174 0.01 1
adult FNNC 7 0.7828624078624079 0.03817611199399072 0.04925621684227681 nan 0.006733476860593945 nan 0.027233416723482673 0.01 1
adult FNNC 7 0.8074324324324325 0.11562885132853906 0.11733072120765461 nan 0.03812458417126445 nan 0.06761289976022876 0.01 1
adult FNNC 7 0.7828624078624079 0.03817611199399072 0.04925621684227681 nan 0.006733476860593945 nan 0.027233416723482673 0.01 1
adult FNNC 7 0.8074324324324325 0.11562885132853906 0.11733072120765461 nan 0.03812458417126445 nan 0.06761289976022876 0.01 1
adult FNNC 7 0.7828624078624079 0.03817611199399072 0.04925621684227681 nan 0.006733476860593945 nan 0.027233416723482673 0.01 1
adult FNNC 7 0.8074324324324325 0.11562885132853906 0.11733072120765461 nan 0.03812458417126445 nan 0.06761289976022876 0.01 1
