adult frc 1 0.8012899262899262 0.06170857054832172 0.042694101257207594 0.0003294129228034854 0.004797452403521616 0.001164909553426465 0.0033909858909308495 0.0 0.1
adult frc 1 0.7963759213759214 0.01665785691492833 0.0149993044527878 0.1510541258233194 0.020441467058379834 0.09313990801890265 0.018215215103411224 0.001 0.1
adult frc 1 0.8101965601965602 0.006810049996552722 0.0437821594756322 0.23319994838760424 0.02857621840700153 0.11242811873566122 0.003938283698742851 0.0 0.5
adult frc 1 0.8015970515970516 0.02420788407292813 0.01604850745267195 0.1384510314064315 0.015437562719299865 0.08792847587378709 0.02130047363839365 0.001 0.5
adult frc 1 0.8083538083538083 0.060703658124885956 0.04769570980124216 0.09659118925314754 0.012885189945035926 0.07774124928157577 0.00939777964067711 0.0 1.0
adult frc 1 0.7985257985257985 0.01945327968715965 0.01688142144903692 0.0814991971973002 0.027569169031571167 0.06966572710909244 0.022110481172483393 0.001 1.0
adult frc 2 0.8052825552825553 0.01972198180121453 0.007955664376581082 0.1041798869562495 0.026278674094450026 0.1099853890162882 0.026332206724773148 0.0 0.1
adult frc 2 0.7908476658476659 0.00036161779835422854 0.006238209654586863 0.20550486191486894 0.02649943457999766 0.10549698320660122 0.02596988089517098 0.001 0.1
adult frc 2 0.8055896805896806 0.0250730044307964 0.02737029909579225 0.1243228771617498 0.02281736771611035 0.10118807709783204 0.013346397370084657 0.0 0.5
adult frc 2 0.8049754299754299 0.02515252686330486 0.022015669045239827 0.10214240702631697 0.026845565217831692 0.08093313768891153 0.018767794225725387 0.001 0.5
adult frc 2 0.8065110565110565 0.011594789198850756 0.013701162013789715 0.15860622209055428 0.031613037802328374 0.11097777751808872 0.021963963553302147 0.0 1.0
adult frc 2 0.8058968058968059 0.03593535017233245 0.026510078017197895 0.09710360935528625 0.01406871143699971 0.06941823340183384 0.014637419350273847 0.001 1.0
adult frc 3 0.8141891891891891 0.0035567454287201206 0.00014641685618818338 0.2523302988674495 0.038599698354197555 0.17070300793650234 0.03723372772869894 0.0 0.1
adult frc 3 0.7868550368550369 0.015819523060641882 0.0034231462057234575 0.24482700451470404 0.03590900959670463 0.12240813079379992 0.03046134144073038 0.001 0.1
adult frc 3 0.8123464373464373 0.03364719681168139 0.021278405972834834 0.18076229126874244 0.01000917139720674 0.11040859418187908 0.01838901380238674 0.0 0.5
adult frc 3 0.7945331695331695 0.027669621121756596 0.024400043619314235 0.08906349394315737 0.013738252068201545 0.059977936257745466 0.010807986352913596 0.001 0.5
adult frc 3 0.8206388206388207 0.01628912395156021 0.0238473247395078 0.2548435974636537 0.026845565217831692 0.1379989583330456 0.013041794403226245 0.0 1.0
adult frc 3 0.7960687960687961 0.03861148929580111 0.02016044140740471 0.05427992939083661 0.007680284546583718 0.06043050677275576 0.014081470120564736 0.001 1.0
adult frc 4 0.8086609336609336 0.03020596817965773 0.021183583419951683 0.10618076545031489 0.019166643390294558 0.06016508681067173 0.024656138549072597 0.0 0.1
adult frc 4 0.7957616707616708 0.01767239573808879 0.013071527691564458 0.1752476749314401 0.015374877643156612 0.10233972593172289 0.020250236035552642 0.001 0.1
adult frc 4 0.7822481572481572 0.02988787844962395 0.032135910456525724 0.04572739387656904 0.009977828859135226 0.019791768213269518 0.0022243639998046237 0.0 0.5
adult frc 4 0.7942260442260443 0.03628357471889579 0.02628235299697706 0.07443512007495931 0.008970779483704972 0.058895535766014695 0.008662470155221293 0.001 0.5
adult frc 4 0.808046683046683 0.10338669596511982 0.05503302392680567 0.19578108045285575 0.010918105001282586 0.02674762216085235 0.002367969833868532 0.0 1.0
adult frc 4 0.7994471744471745 0.022884881919458578 0.011398153424313847 0.14147675010477442 0.015421891450263996 0.10044007872239391 0.018122064639308853 0.001 1.0
adult frc 5 0.7976044226044227 0.016127986390950977 0.0027166229617889173 0.2674954937950309 0.04066081091216556 0.1715515807221501 0.023586833032832443 0.0 0.1
adult frc 5 0.7911547911547911 0.019290886509195027 0.0049417800254572194 0.2604558176299348 0.037985793423708496 0.1277992168956923 0.028803063439594323 0.001 0.1
adult frc 5 0.8197174447174447 0.039685042134665206 0.03360068657690703 0.1454663066142829 0.014745301443631797 0.10132729489105222 0.009606978671142533 0.0 0.5
adult frc 5 0.7914619164619164 0.0007399771614470919 0.006266723763244169 0.24077644561208372 0.025429700128424264 0.13411858668999854 0.02201602378669917 0.001 0.5
adult frc 5 0.7994471744471745 0.008988546108165841 0.013474593105499498 0.1308867346605743 0.035940352134776254 0.08810122158444587 0.027094163690185465 0.0 1.0
adult frc 5 0.8019041769041769 0.04286845066971408 0.03760145612926099 0.10970670377217413 0.0015753032178585063 0.06772878038696661 0.0024779185596358255 0.001 1.0
adult frc 6 0.8151105651105651 0.0038158211430502804 0.006189659285534107 0.2775486881798476 0.029252808413633615 0.15493850036699428 0.02855740620776885 0.0 0.1
adult frc 6 0.7994471744471745 0.015295093545204561 0.008233490341161654 0.16264458051455224 0.022140777709478154 0.1009005189223583 0.0268661768715272 0.001 0.1
adult frc 6 0.8077395577395577 0.054983902531935955 0.04433498412505974 0.05878190600248387 0.0019057625866567823 0.035819941732716756 0.0025774605240538066 0.0 0.5
adult frc 6 0.8000614250614251 0.010858578889469865 0.010338126440789115 0.15508028376869504 0.030212843981956596 0.0991119250006593 0.027960283863667317 0.001 0.5
adult frc 6 0.8086609336609336 0.06172782334777113 0.04561111842349547 0.02499878069719584 0.003211928792813684 0.04113175609584567 0.004452816307772526 0.0 1.0
adult frc 6 0.8028255528255528 0.013044608705215358 0.004894805785270477 0.27252209098743935 0.04232877902519225 0.16447476738102507 0.026851715804710227 0.001 1.0
adult frc 7 0.8040540540540541 0.5 0.005305321935763576 0.29722806019769876 0.016444612094730228 0.1672791376829532 0.034882317489381226 0.0 0.1
adult frc 7 0.7966830466830467 0.0120300698820549 0.0009990553752429329 0.262444495645378 0.03959107646059205 0.13397175153965268 0.030604800318297126 0.001 0.1
adult frc 7 0.8138820638820639 0.023590957412309956 0.004683383177644725 0.22563565164174704 0.011425036486614169 0.12474583665530714 0.03338873524181331 0.0 0.5
adult frc 7 0.797911547911548 0.006382303017480953 0.011148971801794166 0.2236347731476815 0.022786025178038724 0.10734849462987203 0.018302117875616638 0.001 0.5
adult frc 7 0.8123464373464373 0.04326606283225634 0.0364846776368829 0.0900273317543231 0.014713958905560282 0.056181232478313164 0.011170416951124237 0.0 1.0
adult frc 7 0.8012899262899262 0.01938338365437592 0.013085763117681552 0.1772607539041279 0.01575235081906216 0.09871050134756588 0.018094397434129487 0.001 1.0
adult frc 8 0.816953316953317 0.054983902531935955 0.04078115255544592 0.15101752438745233 0.00814905989861076 0.09047229532829433 0.003149701239786469 0.0 0.1
adult frc 8 0.7936117936117936 0.001873799633370212 0.0036975327111372193 0.20045386376521593 0.033548780208010096 0.11641609178764797 0.029265808587023955 0.001 0.1
adult frc 8 0.8237100737100738 0.05000998364809152 0.05965402423945057 0.09756722754293556 0.015736679550026403 0.07137991977413408 0.00907652175617376 0.0 0.5
adult frc 8 0.7988329238329238 0.007466737873425167 0.008252135824933702 0.18936362869749945 0.02585418711143709 0.10804999850725103 0.02457774500610105 0.001 0.5
adult frc 8 0.8209459459459459 0.062106182710863975 0.05280469585523095 0.04415353213428582 0.0033372989450999686 0.016908806486606205 0.0017385554727434491 0.0 1.0
adult frc 8 0.7896191646191646 0.006054586887722437 0.001991164868033522 0.13544971366533332 0.02687690775590332 0.10835981567294492 0.03274337569154068 0.001 1.0
adult frc 9 0.8123464373464373 0.014220285088985053 0.02410863388104697 0.26090723533896176 0.020771926427177997 0.14842492549306044 0.01456045147765931 0.0 0.1
adult frc 9 0.797911547911548 0.002672372271402456 0.00040223387516545085 0.23473720869402037 0.021165070872119416 0.13111668117086112 0.023693571266126305 0.001 0.1
adult frc 9 0.828009828009828 0.07587235285631394 0.06507504287722052 0.03403933535635742 0.0012291725800245836 0.025348879303713073 0.005704289006262339 0.0 0.5
adult frc 9 0.7991400491400491 0.04582291830696231 0.03486887399841224 0.0431774938444978 0.005965302626449641 0.040867903235921425 0.005049112087256132 0.001 0.5
adult frc 9 0.8172604422604423 0.06259419932299481 0.06937576689196767 0.02653604100361196 0.00364936160676921 0.020056475308316217 0.015098785506893392 0.0 1.0
adult frc 9 0.8031326781326781 0.009684995201292516 0.002193416174638241 0.19137670767018725 0.025208939642876627 0.1076403908388594 0.032987471331516346 0.001 1.0
adult frc 10 0.8187960687960688 0.05148240426685327 0.05815128923386047 0.11975989815699084 0.0039668751446247826 0.06543460144784657 0.009925686373079896 0.0 0.1
adult frc 10 0.8037469287469288 0.006452199050264708 0.005401477589812387 0.1928895670193587 0.02892234904483545 0.09025349206664923 0.03276607782898456 0.001 0.1
adult frc 10 0.8071253071253072 0.014608270851802605 0.032679518696810905 0.21050705815003262 0.025130583297697615 0.10654027953595697 0.006631433659842435 0.0 0.5
adult frc 10 0.8034398034398035 0.009187352189436976 0.006504582118072412 0.20548046095762423 0.026845565217831692 0.10687903698136861 0.031397416681877496 0.001 0.5
adult frc 10 0.7936117936117936 0.005875033605900724 0.008681022238061813 0.1318993743862294 0.0362394689655028 0.1097219551581545 0.02982317160044639 0.0 1.0
adult frc 10 0.7994471744471745 0.026117678070486372 0.022287560831460038 0.10014152853225151 0.019119629583187175 0.07979334614246338 0.012470023020874212 0.001 1.0
adult frc 11 0.812039312039312 0.02518056898424207 0.0008172315825247163 0.3793616822833612 0.04937812465320457 0.22981645935179526 0.024953808701535858 0.0 0.1
adult frc 11 0.7976044226044227 0.002254251692055377 0.013220166161202414 0.2266604918460244 0.026829893948795824 0.10118409571836062 0.015883052762614272 0.001 0.1
adult frc 11 0.8105036855036855 0.01659758728186928 0.019198127340810216 0.24981700027124534 0.019403075144877952 0.14298462704733245 0.016219347252304422 0.0 0.5
adult frc 11 0.7991400491400491 0.01840860604746968 0.024569754962518058 0.15760578284352156 0.018443039576555086 0.0836531284936482 0.012670122064557048 0.001 0.5
adult frc 11 0.800982800982801 0.034194227439515834 0.03251335428534991 0.14599092719504403 0.008593306307799312 0.07779974970280176 0.00310965949717688 0.0 1.0
adult frc 11 0.800982800982801 0.010470593126652312 0.023215831366422728 0.1777609735276443 0.027852614593261944 0.0930727776311491 0.013908911478656125 0.001 1.0