
adult frc 1 0.812039312039312 0.04796165177295257 0.06259510713773739 0.12432287345663945 0.0033815872133350355 0.05666890031632593 0.015593586233137696 0.0 0.1
adult frc 2 0.8227886977886978 0.03893920426508091 0.06909569027412638 0.17369820896979155 0.010417986800703716 0.08929968126910165 0.025246826725960875 0.0 0.1
adult frc 3 0.8132678132678133 0.04224189635046456 0.04015915374186052 0.09155238885364303 0.011755495505071378 0.08260111574805079 0.005300236641105849 0.0 0.1
adult frc 4 0.8206388206388207 0.06989477508336252 0.06366851270721194 0.021973061344004674 0.0020597497775360907 0.019263595861600702 0.009801653802013782 0.0 0.1
adult frc 5 0.8313882063882064 0.08074623848441967 0.06673104831773505 0.07384949490020004 0.006874236025657288 0.05491445584646898 0.011639033446703279 0.0 0.1
adult frc 6 0.8117321867321867 0.012418055274785567 0.0023993208515986075 0.326948416377922 0.03932330099601122 0.18784143894352245 0.030304837598114448 0.0 0.1
adult frc 7 0.8101965601965602 0.038710263374103215 0.04329106022233467 0.1631203943194573 0.005949631180101056 0.08980800309209391 0.003017237304423298 0.0 0.1
adult frc 8 0.8200245700245701 0.0029486080017143423 0.015635580483302464 0.3324752330291348 0.03527943234577091 0.1874487904536406 0.022347166648440775 0.0 0.1
adult frc 9 0.8197174447174447 0.023570448293051022 0.02338535868513847 0.2467790737396906 0.01875782711729057 0.12989343959641242 0.019014046895610176 0.0 0.1
adult frc 10 0.8209459459459459 0.03353753856314687 0.04888805922269046 0.17822458640378708 0.019103957744809108 0.0972381538746584 0.001938610617512243 0.0 0.1
adult frc 11 0.8068181818181818 0.007735439756945975 0.03637992322558595 0.2473280952613342 0.019182314087652808 0.1178042276727872 0.0007423194494776686 0.0 0.1

adult frc 1 0.7997542997542998 0.012181580679900023 0.014589958257534064 0.19641549948757991 0.020787597076695197 0.096670916885218 0.018455617482122766 0.001 1
adult frc 2 0.8105036855036855 0.027639485481506215 0.0224849042929669 0.11171977941535305 0.02387143018722393 0.09616803934958873 0.01668895698397757 0.001 1
adult frc 3 0.7883906633906634 0.001837386675305322 0.011834084218874136 0.20049045922600167 0.015154116705981102 0.10417423916632984 0.01586912354785866 0.001 1
adult frc 4 0.793918918918919 0.008113799108762823 0.001455719827842178 0.18484944609828707 0.016822084769298473 0.11432239799646182 0.027873695034798973 0.001 1
adult frc 5 0.8000614250614251 0.027719007911644722 0.019208694958177813 0.10416768337318821 0.01875782711729057 0.07096353587832332 0.02134751477511357 0.001 1
adult frc 6 0.8003685503685504 0.008411380413123198 0.004763175576889572 0.1575935776682446 0.035232418540064536 0.1058227637606648 0.03340114991466053 0.001 1
adult frc 7 0.8006756756756757 0.04313715149818166 0.02907052033922758 0.07543555707383731 0.0049582531032518196 0.06306142747887261 0.01187326489560872 0.001 1
adult frc 8 0.7988329238329238 0.016230109452161606 0.01070352895791954 0.13391244936801522 0.025838515072353574 0.08942143008254883 0.026111490683276145 0.001 1
adult frc 9 0.8000614250614251 0.04372394332478256 0.03195436302035701 0.050229368991264456 0.009316909843873344 0.04741011622458946 0.008229754254625077 0.001 1
adult frc 10 0.8003685503685504 0.039785071798290925 0.019827670453583968 0.08602557220243034 0.005650514358288894 0.06325263225577699 0.01463734909053005 0.001 1
adult frc 11 0.800982800982801 0.030783132706612884 0.01984194763534386 0.10569274315553173 0.010748446159653424 0.06912270040536261 0.017302881481243787 0.001 1

adult frc 1 0.8123464373464373 0.046638649658911555 0.06238858522638546 0.13087453028158708 0.0023745378679170814 0.05722931412698645 0.015422822978730072 0.0 0.1
adult frc 2 0.8255528255528255 0.05054738636977177 0.07422960369649945 0.1429408032794885 0.005351397536476621 0.08148836559458317 0.02788956750146801 0.0 0.1
adult frc 3 0.8132678132678133 0.04224189635046456 0.04015915374186052 0.09155238885364303 0.011755495505071378 0.08260111574805079 0.005300236641105849 0.0 0.1
adult frc 4 0.8224815724815725 0.06818378721806682 0.0633247116779635 0.020960421648528627 0.002314578231654041 0.024916988403744678 0.009946687264119985 0.0 0.1
adult frc 5 0.8307739557739557 0.07981122212163333 0.06587136979230676 0.07687521350836946 0.006874236025657288 0.05651056908922025 0.010788128919524992 0.0 0.1
adult frc 6 0.812039312039312 0.01288556345617875 0.0023446845257158733 0.326948416377922 0.03999989098247947 0.1887392223961002 0.030168213885513384 0.0 0.1
adult frc 7 0.8105036855036855 0.03372671823905529 0.04359254322619008 0.17118491044848955 0.011000549175759433 0.09075339827405587 0.003231443980756199 0.0 0.1
adult frc 8 0.8197174447174447 0.0030678916469220885 0.014977472507379103 0.3304621541164414 0.03461851362787138 0.19022879228041545 0.022419585984578605 0.0 0.1
adult frc 9 0.8194103194103194 0.024465703440768122 0.023410406108964082 0.23871455761065835 0.01875782711729057 0.1298938194633843 0.018953060832994917 0.0 0.1
adult frc 10 0.8227886977886978 0.03583531825504349 0.0488436502999848 0.18175052462056518 0.01708985905397331 0.097814236343924 0.0019486159049200424 0.0 0.1
adult frc 11 0.8077395577395577 0.009297009161402497 0.03606796366641729 0.26244448782392277 0.016806413500729755 0.12163998692639122 0.0007236677985354989 0.0 0.1

adult frc 1 0.8304668304668305 0.05214871854345042 0.04236478475625213 0.16510907719626705 0.004674807689328497 0.0902900121913238 0.005252993952387822 0.0 0.5
adult frc 2 0.827088452088452 0.023710241061072633 0.02971725245286863 0.25334293859310464 0.016192509071110854 0.13289999155508567 0.013181243333242384 0.0 0.5
adult frc 3 0.8206388206388207 0.10310836745134025 0.06923851160130882 0.03851691101076002 0.03203479934724804 0.018505989006288352 0.013762569311132036 0.0 0.5
adult frc 4 0.827088452088452 0.06720901164319579 0.042401164934188544 0.003818749808795687 0.00908047836695539 0.02863882277162302 0.014617229166707154 0.0 0.5
adult frc 5 0.8273955773955773 0.0882770152493955 0.07731776003259548 0.0219608615202306 0.018550013021712337 0.006610089988754727 0.023171948384677465 0.0 0.5
adult frc 6 0.8111179361179361 0.07161539148240097 0.06421615897803994 0.02499878069719584 0.008211744974754014 0.041822789507435704 0.021015659814639744 0.0 0.5
adult frc 7 0.8224815724815725 0.07056109144298628 0.04248431084451032 0.005331609157967087 0.0029754970382302884 0.02732220780750578 0.01190283667070905 0.0 0.5
adult frc 8 0.8194103194103194 0.041246611585660106 0.033362775156860563 0.12529891545153787 0.01775077830088702 0.08994038089288153 0.013280172178803947 0.0 0.5
adult frc 9 0.8347665847665847 0.09313039486712185 0.07397069957362949 0.0778756550464622 0.019666761280393227 0.0469415486206516 0.02102928883047262 0.0 0.5
adult frc 10 0.8141891891891891 0.036531768416145846 0.055745471853946814 0.12883705425201947 0.018081237669685293 0.07620499228749697 0.010577163315403574 0.0 0.5
adult frc 11 0.8148034398034398 0.05385008006001282 0.04374269520897317 0.04466595223642454 0.008703005191049839 0.06500890975406108 0.004875627313535519 0.0 0.5

adult frc 1 0.8108108108108109 0.017443454320432705 0.016141844424995055 0.1923649407056756 0.02451667763655463 0.11626447085533564 0.02105642545934852 0.0 1
adult frc 2 0.8138820638820639 0.01457813560081081 0.029473983926145114 0.27501098043043287 0.021747632616406887 0.15001406003117418 0.009633461415220007 0.0 1
adult frc 3 0.8246314496314496 0.08741189228644983 0.05376689511290522 0.02348592064808941 0.02289299794093158 0.02382756756006499 0.0015776567369647498 0.0 1
adult frc 4 0.8135749385749386 0.015692705240067745 0.027421200268417184 0.20092967644331655 0.02755349694137721 0.09289147726627495 0.019073570058275258 0.0 1
adult frc 5 0.8267813267813268 0.05180049245311211 0.05332915516048803 0.14898004001756876 0.0063271043447570285 0.07640417416940332 0.003743720775669701 0.0 1
adult frc 6 0.8194103194103194 0.03688961826303758 0.03662717710151847 0.22963740178615 0.006280090539050764 0.10554393298533227 0.0023374670362129313 0.0 1
adult frc 7 0.8184889434889435 0.06514979723873009 0.06391557660546532 0.09909228441754919 0.00917178026973653 0.06264790612661636 0.018236785002275407 0.0 1
adult frc 8 0.8227886977886978 0.043913123000691015 0.032590786527903315 0.11473329754526379 0.010811131233928406 0.06852955928721677 0.012602363421571533 0.0 1
adult frc 9 0.8111179361179361 0.05876372755950264 0.05338914850345891 0.11875945537065052 0.00987971279334221 0.05797727935007574 0.012677142022029103 0.0 1
adult frc 10 0.8095823095823096 0.014210658265749715 0.03196725071216061 0.2271485042213655 0.02114939897278245 0.13425473631888585 0.0035605011125266206 0.0 1
adult frc 11 0.816031941031941 0.08842643107937467 0.06295566200485939 0.0667366160753502 0.013184306382839517 0.004979851030532445 0.013997156650387477 0.0 1

adult frc 1 0.7589066339066339 0.0 0.00047643782973399995 0.0 0.0 0.005897220300592337 7.228492134117581e-05 1 1