heritage cfair 7 0.8150921322023984 0.31805799626128384 0.23156302477231527 0.08635359109777194 0.11017399882574946 0.05672836134647241 0.08205744379587632 10 0
heritage cfair 7 0.7338403041825095 0.12517857972022722 0.05721413918691454 0.008259673966851408 0.002001569254967842 0.01203298532864494 0.0010939538152827666 1000 0
heritage cfair 7 0.7228429365311495 0.1384794399960567 0.04933670016119773 0.04481149567956115 0.011757049250480715 0.012412905323120782 0.004846513126894436 10000 0
heritage cfair 7 0.6996782684995613 0.11410029579503815 0.04778370118785791 0.008590945536531064 0.01861914500761232 0.007137536789848298 0.005787700242170679 10000000.0 0
heritage cfair 1 0.7496343960222287 0.3243489653603404 0.10733455099658507 0.24193912728011752 0.15448330629002416 0.06706875362787379 0.05419158774043353 100000000000.0 0
heritage cfair 0 0.8322316466803159 0.434432898788661 0.3284854791019711 0.1567513924800579 0.24715507789073343 0.13027137129690125 0.1657142887796672 1 0
heritage cfair 1 0.8355659549575899 0.4392849694637055 0.33494361236859493 0.16203618064276476 0.246010264553492 0.1335750182397657 0.17022156208093264 1 0
heritage cfair 2 0.8352734717753729 0.4315502612144859 0.3296035727976685 0.1574081398921391 0.2365454124138004 0.12998967975408782 0.1639068375853645 1 0
heritage cfair 3 0.8353319684118163 0.4428345878270179 0.3310475548789631 0.1607614256798816 0.25014942549616526 0.13010376304078797 0.16809556877328236 1 0
heritage cfair 4 0.8354489616847032 0.43846526821915444 0.33844008033156125 0.1705504090524318 0.2421357321354754 0.13876127783175463 0.17397966462434322 1 0
heritage cfair 5 0.8352734717753729 0.4377027053618112 0.3323911627414473 0.16871545129238757 0.24108842682467604 0.13781600779843295 0.16537387176233898 1 0
heritage cfair 6 0.8331675928634104 0.4399529896725686 0.3332992692798591 0.16344622008184784 0.24883749166070918 0.1310709079780903 0.17090896752747975 1 0
heritage cfair 7 0.8352734717753729 0.44795539304771914 0.34634398381876963 0.1714158026465213 0.2570154401152066 0.13870006386339462 0.18409676301190947 1 0
heritage cfair 8 0.833694062591401 0.43633999640369414 0.3343408008116242 0.15728841236810664 0.24616486997657572 0.1350739558019054 0.17057957736910634 1 0
heritage cfair 9 0.8360924246855805 0.4388448197564254 0.3389414745884691 0.174622059984369 0.24292675230503874 0.1412243800990467 0.1719045140771711 1 0
heritage cfair 0 0.8040947645510383 0.3149561450669557 0.19646995674163215 0.10885611233118142 0.10604891207531097 0.08159041161565739 0.040340511788710565 10 0
heritage cfair 1 0.8138637028370869 0.33868250398251964 0.23782550579829476 0.15242030649286034 0.11522254642297972 0.10682993808895525 0.0677773634261678 10 0
heritage cfair 2 0.7858438139806961 0.26969969141855454 0.18115397747892192 0.0958567536040332 0.04811810413412802 0.06988954335780306 0.02731698670038618 10 0
heritage cfair 3 0.7976601345422638 0.30659254333711966 0.1701445230798564 0.11842119760783398 0.08905660041983644 0.06903517040505491 0.016352056969640927 10 0
heritage cfair 4 0.8059666569172272 0.3141859647479084 0.20438992368012876 0.11240630032723715 0.10042235341554606 0.07169288183173883 0.05099636164318433 10 0
heritage cfair 5 0.8181339572974554 0.322426632821899 0.21699436852352694 0.11060596441172217 0.11064042766960708 0.07026827125941892 0.06784379280079023 10 0
heritage cfair 6 0.820239836209418 0.33990530704555566 0.23465093270984472 0.111842284551604 0.13439028995965374 0.08266681186357694 0.0779620683800557 10 0
heritage cfair 7 0.8065516232816613 0.32259942892687227 0.1936783434844509 0.1081453731439313 0.11453607137597593 0.07466572300595864 0.038853077922669677 10 0
heritage cfair 8 0.7868967534366774 0.2733351955489174 0.17961644591044035 0.08189164368940267 0.06209390343831569 0.05556553436620426 0.024505078062263763 10 0
heritage cfair 9 0.8139221994735303 0.33491679025823134 0.22826208984070728 0.11856792101945081 0.12930836882874053 0.0793870067779121 0.07470863834891794 10 0
heritage cfair 0 0.7437847323778882 0.22029904162602643 0.10935261519692485 0.11114557712513223 0.06514378932328543 0.061972854674671396 0.03920280816546651 100 0
heritage cfair 1 0.7417373501023691 0.1830315085940481 0.07486319318821444 0.10592972761320563 0.03471981023287381 0.042977093369451325 0.006610452931807842 100 0
heritage cfair 2 0.7267037145364141 0.28229163774374083 0.1278751752413756 0.1073536462939281 0.11739637704877515 0.055477617517780686 0.04052626965861705 100 0
heritage cfair 3 0.7171687627961392 0.16448757764006705 0.083311108252075 0.05518447483493981 0.03229563596615703 0.027026294856479893 0.022344588567477786 100 0
heritage cfair 4 0.7293360631763673 0.15601491108329713 0.0575493258968196 0.04440594728923974 0.034297963710526756 0.012217580908012948 0.0035119651701460697 100 0
heritage cfair 5 0.7165252997952618 0.12343389886176355 0.061412749844409475 0.049404609547379984 0.0066071590414988 0.017218231641702886 0.002627998512148899 100 0
heritage cfair 6 0.7519742614799649 0.1903004231664689 0.07677289614758198 0.08869323468841926 0.010481354353114456 0.035416423218952886 0.0004103779670483476 100 0
heritage cfair 7 0.7470020473822755 0.19792085464127296 0.09323924502017356 0.10022444418456541 0.032402540833522335 0.03947782398826405 0.021674185345346153 100 0
heritage cfair 8 0.7652529979526177 0.24250616982163395 0.0875176463270888 0.147875846230349 0.06732027466198741 0.04769587374639883 0.012798845386539526 100 0
heritage cfair 9 0.7288680900848201 0.14675645806274085 0.05275693378576829 0.07039703878659129 0.006452553618415099 0.023633777390903887 0.014736085690972622 100 0
heritage cfair 0 0.6985668324071366 0.15650769997525799 0.04377189148152194 0.13277797667114635 0.03409485710402263 0.031858264450482565 0.003806084281024802 1000 0
heritage cfair 1 0.7103831529687042 0.1688898171555291 0.06873670015523725 0.13338454528653124 0.040742131807221076 0.04508572682482814 0.02106851276551147 1000 0
heritage cfair 2 0.695583503948523 0.13661285005262003 0.04137104626384236 0.10727784428189731 0.002890013174372982 0.02672105947968184 0.004678517440601659 1000 0
heritage cfair 3 0.7013161743199766 0.18876282441507386 0.08097600695562335 0.10068779732852806 0.07916728918319138 0.03059077171710811 0.03711342700977838 1000 0
heritage cfair 4 0.6748171980111144 0.06934980197140803 0.024184315675964463 0.004673338934877546 0.014035551413735942 0.0063477752701111 0.00800782418227719 1000 0
heritage cfair 5 0.7150043872477333 0.15783438561545254 0.03918093326148586 0.1288187323445746 0.003932978240261527 0.028204380625355796 0.013609438729004886 1000 0
heritage cfair 6 0.6597835624451595 0.04534465583655453 0.01365914900126608 0.04268019323264438 0.03553021402048523 0.030724464931354944 0.007296889802906215 1000 0
heritage cfair 7 0.6952325241298626 0.09794726779185023 0.02554482145473891 0.01761138496818995 0.018313937299954758 0.009066641060512026 0.016719310977479473 1000 0
heritage cfair 8 0.7231354197133665 0.17002951118706777 0.05682092735704991 0.07353344235882528 0.06748608887289892 0.023160576130134558 0.020287483325973632 1000 0
heritage cfair 9 0.6957589938578532 0.1432075227466768 0.03854375962782619 0.09570408194599943 0.017378382761032735 0.017001807182973394 0.0008656084279534682 1000 0
heritage cfair 0 0.7195086282538754 0.2031351630907287 0.0673088411298739 0.1700341317672726 0.05620819423290749 0.05546492172882189 0.009230375014830372 10000 0
heritage cfair 1 0.7168177829774788 0.20293915822816555 0.0713494398787784 0.165085343267551 0.07042489819879302 0.052852867458675235 0.024919568749679044 10000 0
heritage cfair 2 0.7171102661596959 0.16278967066926045 0.05753150410856289 0.12171012031896276 0.035304858391525855 0.03356099028703596 0.015809416299777723 10000 0
heritage cfair 3 0.7310324656332261 0.22935214985534136 0.07527404799240678 0.19301937607528424 0.0918110968210731 0.062003104030993406 0.029207347953100538 10000 0
heritage cfair 4 0.6829482304767476 0.07908684838024259 0.009395152050401201 0.0031975637469308085 0.00023955623609457475 0.023842393641400506 0.015316158076639219 10000 0
heritage cfair 5 0.6391342497806376 0.025447044027216807 0.003249645136307322 0.009813233915634434 0.05273840018739551 0.011446773664749443 0.020971416802066045 10000 0
heritage cfair 6 0.6746417081017841 0.10883507062787565 0.0431268500349864 0.054330215137989635 0.0021605149229623395 0.015323638459335598 0.009886562529606735 10000 0
heritage cfair 7 0.7227844398947061 0.15829740255669833 0.053000865787241835 0.08174278500984139 0.026372128705555095 0.021767317600032143 0.0020459889755848337 10000 0
heritage cfair 8 0.7279906405381691 0.19781974879966746 0.0721392610031586 0.11173186069504404 0.08941561873672754 0.036523877485874934 0.03585585844946326 10000 0
heritage cfair 9 0.6659842059081603 0.0654898871222637 0.02296861937735617 0.02711805541464576 0.029912251573941603 0.001615941476346805 0.009671896407845715 10000 0
heritage cfair 0 0.7179292190699035 0.18424149709675142 0.06458321021249258 0.1332724437194435 0.06585946621226176 0.04089766618914403 0.02109822568004649 100000 0
heritage cfair 1 0.7110266159695817 0.16786717663395903 0.05880135122533581 0.10694947057585671 0.04651078081493876 0.03908741357662038 0.012605785947865655 100000 0
heritage cfair 2 0.7061128985083358 0.22347498859794473 0.09329420050101866 0.17547387937509687 0.0803720653214817 0.058575151605154474 0.036364733089067514 100000 0
heritage cfair 3 0.6952325241298626 0.14883563903779248 0.04278656712810491 0.012887714717477109 0.033543940968455324 0.017202257597379145 0.0017749964661897266 100000 0
heritage cfair 4 0.70137467095642 0.13582189618791152 0.055229095958796215 0.07507876627410803 0.020669173307700447 0.020627140384103626 0.010316043784736273 100000 0
heritage cfair 5 0.6387247733255338 0.045964877586887914 0.020377933371724666 0.03485733407958784 0.018959496057557076 0.012836098288413922 0.002995371729273444 100000 0
heritage cfair 6 0.7072243346007605 0.2072087232400669 0.06679320136328926 0.11768575032008288 0.08125225013406628 0.0309863081280497 0.027501254454217694 100000 0
heritage cfair 7 0.7227844398947061 0.15599551848098595 0.04953846187774946 0.09133867915255064 0.01899354380404153 0.023384093541380935 0.003562152279551256 100000 0
heritage cfair 8 0.7251828019888856 0.18434919582918863 0.06765627659391527 0.07871787292813956 0.08169731485977098 0.026095151123548987 0.031625031482427346 100000 0
heritage cfair 9 0.6886224042117578 0.1272802864056204 0.0435522483720705 0.09746567800023515 0.007555144378951696 0.024652599553686372 0.00231519334568997 100000 0
