heritage corr 0 0.6635273471775373 0.09755779722062533 0.06549680037806027 0.21691622727647047 0.08062868756911866 0.1024775772548443 0.055278508207842414 0.01 0
heritage corr 1 0.667973091547236 0.0849585452596526 0.05527010395317955 0.1971372403063067 0.0678534927115109 0.09267815671330215 0.04632085423705412 0.01 0
heritage corr 2 0.6745832114653407 0.08078626993407806 0.05367627579938539 0.21609338652213272 0.06131337570547841 0.10006785094535786 0.043260155819053736 0.01 0
heritage corr 3 0.6734132787364726 0.0808357908595817 0.050604878347966675 0.20586392787645413 0.06421438697617868 0.0921937199773275 0.04213273399672701 0.01 0
heritage corr 4 0.6762796139221995 0.08010751400433377 0.055932400943863314 0.21912973753925163 0.06273950433421804 0.09943845571760956 0.047062067775068606 0.01 0
heritage corr 5 0.6498391342497807 0.11186744403796642 0.0708067992089152 0.19805281269709257 0.09768226831294524 0.09082069722352326 0.061919836344723755 0.01 0
heritage corr 6 0.6614799649020181 0.09640598652485549 0.06508338257421897 0.20237947562926206 0.07913294646860622 0.09141957487405605 0.05584585500222872 0.01 0
heritage corr 7 0.6815443112021059 0.06830857068560095 0.04585897785845461 0.20193518737766133 0.04973174819833316 0.08785679674575331 0.037310241540961187 0.01 0
heritage corr 8 0.6630008774495466 0.08219330271907029 0.05600863528225908 0.1681640946052827 0.06747049770186027 0.0841187511647119 0.047614900838884644 0.01 0
heritage corr 9 0.6824802573852004 0.06253048097691806 0.042686490932509535 0.19123825757127005 0.04599930612826929 0.08919065924910718 0.03505283489665878 0.01 0
heritage corr 0 0.6527054694355074 0.10423835568173254 0.07303428432243209 0.18641331461233102 0.09156972863807405 0.08803191518688447 0.06296974232883024 0.03 0
heritage corr 1 0.64931266452179 0.10407697834488885 0.0737858988706499 0.1785828295023298 0.09076749968068287 0.08754628635804984 0.0643291156193877 0.03 0
heritage corr 2 0.6380228136882129 0.13331442973930624 0.08776420093285431 0.2132926775746063 0.1205879318986966 0.09741174884403492 0.07551029099493345 0.03 0
heritage corr 3 0.6552208248025738 0.09200376185824663 0.06775015390663874 0.1553232032634463 0.08191976294602304 0.0754703856864456 0.058137683327863066 0.03 0
heritage corr 4 0.6604855220824802 0.08532424281686513 0.06290250829152733 0.1660741248450064 0.07363596308166288 0.08512302979460262 0.053144602383834005 0.03 0
heritage corr 5 0.6374378473237788 0.10020390741178763 0.0706463733122833 0.11807528420082036 0.0934734948984991 0.07026213198119002 0.062100617226939825 0.03 0
heritage corr 6 0.6501901140684411 0.10329502288523443 0.07389861125056107 0.17524510066675456 0.09273540043386716 0.08598592621129963 0.06364586759668978 0.03 0
heritage corr 7 0.6527639660719509 0.08666894011602097 0.06253182701671633 0.1333808848271978 0.07626400244428556 0.07031515031113766 0.05322307189634223 0.03 0
heritage corr 8 0.652354489616847 0.07683285185617915 0.06515234514616886 0.09678971317665311 0.07134920181158709 0.06402116823133319 0.056363640535961324 0.03 0
heritage corr 9 0.6600760456273764 0.08508217681159963 0.060951380105275454 0.16732188392030528 0.07320838575050159 0.08168080205676542 0.052419243680857264 0.03 0
heritage corr 0 0.7054694355074583 0.03876949453563469 0.017677992055475933 0.24772814371601096 0.00667778283247414 0.1107189622307132 0.0033634900044354765 0.001 0
heritage corr 1 0.7033635565954958 0.042243621329153776 0.016841440890984494 0.24909181733686994 0.010255619479454196 0.10950302751353291 0.0031200646424274225 0.001 0
heritage corr 2 0.7051184556887979 0.038975893595454995 0.011798381453800744 0.251282144690539 0.007464631310326956 0.10559588356030325 0.0008085071799603938 0.001 0
heritage corr 3 0.7033635565954958 0.04198320214130282 0.015151291634103892 0.25589081551052517 0.00907039551241253 0.11035102276948017 0.0015558301938822794 0.001 0
heritage corr 4 0.7039485229599298 0.035860886317169986 0.013536512448295568 0.2467700184854734 0.004030191298602906 0.10730608977955303 0.00046494601771396304 0.001 0
heritage corr 5 0.7026031003217315 0.041771264459229795 0.01947578729761279 0.26158115206355365 0.005081668301112676 0.11262035034238238 0.0048170684332529135 0.001 0
heritage corr 6 0.703539046504826 0.035750069325555696 0.014761745489783706 0.23903607799039264 0.008528623387967895 0.10676821748112975 0.0032527147754217722 0.001 0
heritage corr 7 0.7034805498683826 0.037848672600624904 0.012620776515579912 0.24262881882620008 0.007305854195532939 0.1041248707734086 4.345178474629563e-05 0.001 0
heritage corr 8 0.7065223749634396 0.03915666353460983 0.013437121706094679 0.25219771708132493 0.007940962654709338 0.10886728439130522 0.00025910138311679987 0.001 0
heritage corr 9 0.7038900263234864 0.03843704356079178 0.016154855008278624 0.24429768324398765 0.007684677513473129 0.10791271603367569 0.0027000307232132315 0.001 0
heritage corr 0 0.6917812225797016 0.0558755516364763 0.0391417134063925 0.23451251284990987 0.029725536766178146 0.1093986001789986 0.026574461860225718 0.004 0
heritage corr 0 0.8544603685288096 0.35255375325726107 0.15408825415109817 0.17549035144209757 0.10356768255025274 0.06489658162306 0.06862115655478362 0.0001 0
heritage corr 1 0.8521205030710735 0.3483631247491011 0.1531301393172102 0.17260453681506782 0.10412196974982843 0.0638784151113505 0.06739046968846107 0.0001 0
heritage corr 2 0.8525299795261773 0.3537723986413943 0.15605631005596177 0.17424640534527105 0.11040866701903188 0.06522917553099461 0.07016697316864207 0.0001 0
heritage corr 3 0.8527054694355075 0.35791454564377645 0.15589543712450737 0.17979383146515499 0.11429571451217943 0.06634449761079253 0.06947466524020829 0.0001 0
heritage corr 4 0.8519450131617432 0.3504724637450516 0.1543699754962331 0.16789932138016125 0.1088725152887191 0.06295007279664055 0.06965565473867485 0.0001 0
heritage corr 5 0.8528224627083942 0.35564936793323493 0.15472018257617393 0.17330383706690067 0.11270246538522492 0.06502151295478598 0.06928643377761734 0.0001 0
heritage corr 6 0.8510675636150922 0.3505659669738062 0.15389745968885826 0.17258135390595578 0.10986689489458724 0.06564503712519887 0.06772938168855358 0.0001 0
heritage corr 7 0.8531149458906113 0.35675823574547955 0.15786954290063537 0.1849201522425502 0.10937387678336348 0.06773769653625195 0.07019832521085956 0.0001 0
heritage corr 8 0.8513015501608657 0.3545952181451225 0.15576076043365106 0.17577617230838655 0.11369267329938265 0.06619971793294788 0.07067128805305689 0.0001 0
heritage corr 9 0.8521789997075169 0.3471164298812268 0.15558337701608593 0.177614943046903 0.10068335804639383 0.06743728913553682 0.06798526442094843 0.0001 0
heritage corr 0 0.711494589061129 0.029229848781566425 0.0029876827303265685 0.25319427713486403 0.0004356678847812533 0.1047475008741765 0.007766693599024599 0.0005 0
heritage corr 1 0.7105001462415911 0.02943312958220958 0.0008702873924288923 0.2491264391813991 0.00164592200208515 0.10137203033649822 0.010608970802755024 0.0005 0
heritage corr 2 0.7131909915179877 0.029039382541255994 0.0007265209935152228 0.2580655859120271 0.0025790325196011444 0.10529842658941657 0.009794741577066723 0.0005 0
heritage corr 3 0.7109681193331383 0.033769900503804934 0.00460320697417238 0.2605071122874561 0.005211243573934256 0.10823797857052142 0.0071010289460113896 0.0005 0
heritage corr 4 0.7109096226966949 0.03336645716169576 0.002372503209933541 0.26629399345540494 0.003418806702385373 0.10765587962699286 0.008696585634452525 0.0005 0
heritage corr 5 0.7100321731500439 0.031132447194072495 0.0036329029907911092 0.26417702780754426 0.0014542770132094903 0.10721304693183153 0.008385538804962067 0.0005 0
heritage corr 6 0.7105586428780345 0.03409993111557225 0.0011419951575399878 0.26225315138952443 0.008911618397618512 0.10572361631025018 0.008444756017781607 0.0005 0
heritage corr 7 0.7118455688797894 0.027059213719505253 0.002938002260386874 0.24967108502639263 0.0011041498776404052 0.10118513997837475 0.01308605035883037 0.0005 0
heritage corr 8 0.711787072243346 0.03068710038816384 0.0059895811680084066 0.2691410682211554 0.0007412126988396688 0.11091166404152908 0.006598502200886536 0.0005 0
heritage corr 9 0.7119625621526762 0.030494555308401977 0.0028410553085489454 0.2658033393855802 0.0015609290507742385 0.10826718484559095 0.008345395077902218 0.0005 0
heritage corr 0 0.7775957882421761 0.11079347103079931 0.08027520536556221 0.1544477434061898 0.03791258709349822 0.0343854715113201 0.04442393647360987 0.0002 0
heritage corr 1 0.7791167007897046 0.10559821366003058 0.08007725834616242 0.15493839747601457 0.028570273130510804 0.03434356944729178 0.0433303104838636 0.0002 0
heritage corr 2 0.7844983913424978 0.1354894749107751 0.08859908316734177 0.12528882939399183 0.048359303763926706 0.02650514166041784 0.049575953198195855 0.0002 0
heritage corr 3 0.7778882714243931 0.11136452822810643 0.08070090172586131 0.14395945978180666 0.03453107278670536 0.030915676626095845 0.04326382150459818 0.0002 0
heritage corr 4 0.7849078677976017 0.12967571825664698 0.08779635763775229 0.12565975593978412 0.040606067236183374 0.02514570876521738 0.046640692751386936 0.0002 0
heritage corr 5 0.7782977478794969 0.11410414164802332 0.08254763237990037 0.14403282148761512 0.03737081496905347 0.03097879794303182 0.04543340070744151 0.0002 0
heritage corr 6 0.7916934776250366 0.14691994393674243 0.0891836557035548 0.10592682974956662 0.043388712021889875 0.021668463299618246 0.04657277326068954 0.0002 0
heritage corr 7 0.781047089792337 0.11830862413624177 0.08380791295147194 0.1304926298939457 0.03322331064295949 0.03088459280477185 0.04606225949340281 0.0002 0
heritage corr 8 0.7823925124305352 0.12784826989031 0.0863397691744634 0.12995942298436924 0.04443184564097878 0.027944921614381002 0.04895454499260943 0.0002 0
heritage corr 9 0.7918689675343668 0.14414362415165458 0.08934306832125571 0.09218973594758395 0.03493075456319735 0.019489555970145567 0.04479184613252141 0.0002 0
