heritage corr 7 0.8563907575314419 0.40127774080834955 0.17297920069160444 0.21938703732656728 0.15554080906944887 0.08454096065339556 0.08376946795673756 0 0
heritage corr 7 0.5999415033635566 0.156109230998979 0.08403399336236728 0.13615841086561212 0.1509235469737888 0.07180526638611351 0.07066377786803901 0.1 0
heritage corr 7 0.6815443112021059 0.06830857068560095 0.04585897785845461 0.20193518737766133 0.04973174819833316 0.08785679674575331 0.037310241540961187 0.01 0
heritage corr 0 0.6635273471775373 0.09755779722062533 0.06549680037806027 0.21691622727647047 0.08062868756911866 0.1024775772548443 0.055278508207842414 0.01 0
heritage corr 1 0.667973091547236 0.0849585452596526 0.05527010395317955 0.1971372403063067 0.0678534927115109 0.09267815671330215 0.04632085423705412 0.01 0
heritage corr 2 0.6745832114653407 0.08078626993407806 0.05367627579938539 0.21609338652213272 0.06131337570547841 0.10006785094535786 0.043260155819053736 0.01 0
heritage corr 3 0.6734132787364726 0.0808357908595817 0.050604878347966675 0.20586392787645413 0.06421438697617868 0.0921937199773275 0.04213273399672701 0.01 0
heritage corr 4 0.6762796139221995 0.08010751400433377 0.055932400943863314 0.21912973753925163 0.06273950433421804 0.09943845571760956 0.047062067775068606 0.01 0
heritage corr 5 0.6498391342497807 0.11186744403796642 0.0708067992089152 0.19805281269709257 0.09768226831294524 0.09082069722352326 0.061919836344723755 0.01 0
heritage corr 6 0.6614799649020181 0.09640598652485549 0.06508338257421897 0.20237947562926206 0.07913294646860622 0.09141957487405605 0.05584585500222872 0.01 0
heritage corr 7 0.6815443112021059 0.06830857068560095 0.04585897785845461 0.20193518737766133 0.04973174819833316 0.08785679674575331 0.037310241540961187 0.01 0
heritage corr 8 0.6630008774495466 0.08219330271907029 0.05600863528225908 0.1681640946052827 0.06747049770186027 0.0841187511647119 0.047614900838884644 0.01 0
heritage corr 9 0.6824802573852004 0.06253048097691806 0.042686490932509535 0.19123825757127005 0.04599930612826929 0.08919065924910718 0.03505283489665878 0.01 0
heritage corr 0 0.6527054694355074 0.10423835568173254 0.07303428432243209 0.18641331461233102 0.09156972863807405 0.08803191518688447 0.06296974232883024 0.03 0
heritage corr 1 0.64931266452179 0.10407697834488885 0.0737858988706499 0.1785828295023298 0.09076749968068287 0.08754628635804984 0.0643291156193877 0.03 0
heritage corr 2 0.6380228136882129 0.13331442973930624 0.08776420093285431 0.2132926775746063 0.1205879318986966 0.09741174884403492 0.07551029099493345 0.03 0
heritage corr 3 0.6552208248025738 0.09200376185824663 0.06775015390663874 0.1553232032634463 0.08191976294602304 0.0754703856864456 0.058137683327863066 0.03 0
heritage corr 4 0.6604855220824802 0.08532424281686513 0.06290250829152733 0.1660741248450064 0.07363596308166288 0.08512302979460262 0.053144602383834005 0.03 0
heritage corr 5 0.6374378473237788 0.10020390741178763 0.0706463733122833 0.11807528420082036 0.0934734948984991 0.07026213198119002 0.062100617226939825 0.03 0
heritage corr 6 0.6501901140684411 0.10329502288523443 0.07389861125056107 0.17524510066675456 0.09273540043386716 0.08598592621129963 0.06364586759668978 0.03 0
heritage corr 7 0.6527639660719509 0.08666894011602097 0.06253182701671633 0.1333808848271978 0.07626400244428556 0.07031515031113766 0.05322307189634223 0.03 0
heritage corr 8 0.652354489616847 0.07683285185617915 0.06515234514616886 0.09678971317665311 0.07134920181158709 0.06402116823133319 0.056363640535961324 0.03 0
heritage corr 9 0.6600760456273764 0.08508217681159963 0.060951380105275454 0.16732188392030528 0.07320838575050159 0.08168080205676542 0.052419243680857264 0.03 0
heritage corr 0 0.6393682363264113 0.11972890209831022 0.08402350294519945 0.18095480715042273 0.10644787750070123 0.08763709403165887 0.06933381946880157 0.05 0
heritage corr 1 0.6423515647850249 0.11149758880185102 0.08190521353765678 0.16411562658245743 0.09949556364304571 0.08101334926446224 0.0701462009505569 0.05 0
heritage corr 2 0.6482012284293653 0.10728548885192843 0.08634203415089736 0.1739973415914557 0.09767392492952462 0.08617087941852564 0.07382759231842773 0.05 0
heritage corr 3 0.6617724480842352 0.06587162144095869 0.06468587921005842 0.10325652466579535 0.05824393764926023 0.06565058035699778 0.05407395797747494 0.05 0
heritage corr 4 0.6651067563615092 0.06871859206968857 0.06552704973438228 0.1287258481889876 0.058362304134253896 0.07629897963109666 0.054761557139111794 0.05 0
heritage corr 5 0.6532904357999415 0.072427167406769 0.05713784524387577 0.09526375919200998 0.0663660949944192 0.05668279359689965 0.049588201952332156 0.05 0
heritage corr 6 0.6499561275226674 0.08189547926994684 0.06814291870168088 0.10899704001552027 0.07528213791354858 0.07023957162381489 0.05845820729559037 0.05 0
heritage corr 7 0.6369698742322316 0.11510504344847275 0.07646858464275041 0.15734362429638657 0.10347725375822818 0.07584857714627447 0.06473815248196857 0.05 0
heritage corr 8 0.6349809885931559 0.09412279715535274 0.07795184618378137 0.08124465750221074 0.0904736693140536 0.06300839593981511 0.06545695467421542 0.05 0
heritage corr 9 0.6705469435507458 0.05609440888415193 0.04930415602612026 0.11741853678873906 0.04753128616687165 0.06797340309699162 0.04053091882077098 0.05 0
heritage corr 0 0.6054986838256801 0.16231847200988794 0.1013428240614287 0.1893261251269451 0.14638470425462358 0.08896645638446632 0.083958444477366 0.07 0
heritage corr 1 0.6158525884761626 0.14709388340341398 0.09029328553994631 0.16063498731373774 0.13925144853631907 0.08097618576955234 0.0763771511203899 0.07 0
heritage corr 2 0.5959637320854051 0.1788662864737552 0.0992757052399007 0.1826738503649067 0.17221093128232365 0.08948784799910037 0.08316933860870179 0.07 0
heritage corr 0 0.7054694355074583 0.03876949453563469 0.017677992055475933 0.24772814371601096 0.00667778283247414 0.1107189622307132 0.0033634900044354765 0.001 0
heritage corr 1 0.7033635565954958 0.042243621329153776 0.016841440890984494 0.24909181733686994 0.010255619479454196 0.10950302751353291 0.0031200646424274225 0.001 0
heritage corr 2 0.7051184556887979 0.038975893595454995 0.011798381453800744 0.251282144690539 0.007464631310326956 0.10559588356030325 0.0008085071799603938 0.001 0
heritage corr 3 0.7033635565954958 0.04198320214130282 0.015151291634103892 0.25589081551052517 0.00907039551241253 0.11035102276948017 0.0015558301938822794 0.001 0
heritage corr 4 0.7039485229599298 0.035860886317169986 0.013536512448295568 0.2467700184854734 0.004030191298602906 0.10730608977955303 0.00046494601771396304 0.001 0
heritage corr 5 0.7026031003217315 0.041771264459229795 0.01947578729761279 0.26158115206355365 0.005081668301112676 0.11262035034238238 0.0048170684332529135 0.001 0
heritage corr 6 0.703539046504826 0.035750069325555696 0.014761745489783706 0.23903607799039264 0.008528623387967895 0.10676821748112975 0.0032527147754217722 0.001 0
heritage corr 7 0.7034805498683826 0.037848672600624904 0.012620776515579912 0.24262881882620008 0.007305854195532939 0.1041248707734086 4.345178474629563e-05 0.001 0
heritage corr 8 0.7065223749634396 0.03915666353460983 0.013437121706094679 0.25219771708132493 0.007940962654709338 0.10886728439130522 0.00025910138311679987 0.001 0
heritage corr 9 0.7038900263234864 0.03843704356079178 0.016154855008278624 0.24429768324398765 0.007684677513473129 0.10791271603367569 0.0027000307232132315 0.001 0
heritage corr 0 0.6917812225797016 0.0558755516364763 0.0391417134063925 0.23451251284990987 0.029725536766178146 0.1093986001789986 0.026574461860225718 0.004 0
heritage corr 0 0.8544603685288096 0.35255375325726107 0.15408825415109817 0.17549035144209757 0.10356768255025274 0.06489658162306 0.06862115655478362 0.0001 0
heritage corr 1 0.8521205030710735 0.3483631247491011 0.1531301393172102 0.17260453681506782 0.10412196974982843 0.0638784151113505 0.06739046968846107 0.0001 0
heritage corr 2 0.8525299795261773 0.3537723986413943 0.15605631005596177 0.17424640534527105 0.11040866701903188 0.06522917553099461 0.07016697316864207 0.0001 0
heritage corr 3 0.8527054694355075 0.35791454564377645 0.15589543712450737 0.17979383146515499 0.11429571451217943 0.06634449761079253 0.06947466524020829 0.0001 0
heritage corr 4 0.8519450131617432 0.3504724637450516 0.1543699754962331 0.16789932138016125 0.1088725152887191 0.06295007279664055 0.06965565473867485 0.0001 0
heritage corr 5 0.8528224627083942 0.35564936793323493 0.15472018257617393 0.17330383706690067 0.11270246538522492 0.06502151295478598 0.06928643377761734 0.0001 0
heritage corr 6 0.8510675636150922 0.3505659669738062 0.15389745968885826 0.17258135390595578 0.10986689489458724 0.06564503712519887 0.06772938168855358 0.0001 0
heritage corr 7 0.8531149458906113 0.35675823574547955 0.15786954290063537 0.1849201522425502 0.10937387678336348 0.06773769653625195 0.07019832521085956 0.0001 0
heritage corr 8 0.8513015501608657 0.3545952181451225 0.15576076043365106 0.17577617230838655 0.11369267329938265 0.06619971793294788 0.07067128805305689 0.0001 0
heritage corr 9 0.8521789997075169 0.3471164298812268 0.15558337701608593 0.177614943046903 0.10068335804639383 0.06743728913553682 0.06798526442094843 0.0001 0
heritage corr 0 0.711494589061129 0.029229848781566425 0.0029876827303265685 0.25319427713486403 0.0004356678847812533 0.1047475008741765 0.007766693599024599 0.0005 0
heritage corr 1 0.7105001462415911 0.02943312958220958 0.0008702873924288923 0.2491264391813991 0.00164592200208515 0.10137203033649822 0.010608970802755024 0.0005 0
heritage corr 2 0.7131909915179877 0.029039382541255994 0.0007265209935152228 0.2580655859120271 0.0025790325196011444 0.10529842658941657 0.009794741577066723 0.0005 0
heritage corr 3 0.7109681193331383 0.033769900503804934 0.00460320697417238 0.2605071122874561 0.005211243573934256 0.10823797857052142 0.0071010289460113896 0.0005 0
heritage corr 4 0.7109096226966949 0.03336645716169576 0.002372503209933541 0.26629399345540494 0.003418806702385373 0.10765587962699286 0.008696585634452525 0.0005 0
heritage corr 5 0.7100321731500439 0.031132447194072495 0.0036329029907911092 0.26417702780754426 0.0014542770132094903 0.10721304693183153 0.008385538804962067 0.0005 0
heritage corr 6 0.7105586428780345 0.03409993111557225 0.0011419951575399878 0.26225315138952443 0.008911618397618512 0.10572361631025018 0.008444756017781607 0.0005 0
heritage corr 7 0.7118455688797894 0.027059213719505253 0.002938002260386874 0.24967108502639263 0.0011041498776404052 0.10118513997837475 0.01308605035883037 0.0005 0
heritage corr 8 0.711787072243346 0.03068710038816384 0.0059895811680084066 0.2691410682211554 0.0007412126988396688 0.11091166404152908 0.006598502200886536 0.0005 0
heritage corr 9 0.7119625621526762 0.030494555308401977 0.0028410553085489454 0.2658033393855802 0.0015609290507742385 0.10826718484559095 0.008345395077902218 0.0005 0
heritage corr 0 0.7775957882421761 0.11079347103079931 0.08027520536556221 0.1544477434061898 0.03791258709349822 0.0343854715113201 0.04442393647360987 0.0002 0
heritage corr 1 0.7791167007897046 0.10559821366003058 0.08007725834616242 0.15493839747601457 0.028570273130510804 0.03434356944729178 0.0433303104838636 0.0002 0
heritage corr 2 0.7844983913424978 0.1354894749107751 0.08859908316734177 0.12528882939399183 0.048359303763926706 0.02650514166041784 0.049575953198195855 0.0002 0
heritage corr 3 0.7778882714243931 0.11136452822810643 0.08070090172586131 0.14395945978180666 0.03453107278670536 0.030915676626095845 0.04326382150459818 0.0002 0
heritage corr 4 0.7849078677976017 0.12967571825664698 0.08779635763775229 0.12565975593978412 0.040606067236183374 0.02514570876521738 0.046640692751386936 0.0002 0
heritage corr 5 0.7782977478794969 0.11410414164802332 0.08254763237990037 0.14403282148761512 0.03737081496905347 0.03097879794303182 0.04543340070744151 0.0002 0
heritage corr 6 0.7916934776250366 0.14691994393674243 0.0891836557035548 0.10592682974956662 0.043388712021889875 0.021668463299618246 0.04657277326068954 0.0002 0
heritage corr 7 0.781047089792337 0.11830862413624177 0.08380791295147194 0.1304926298939457 0.03322331064295949 0.03088459280477185 0.04606225949340281 0.0002 0
heritage corr 8 0.7823925124305352 0.12784826989031 0.0863397691744634 0.12995942298436924 0.04443184564097878 0.027944921614381002 0.04895454499260943 0.0002 0
heritage corr 9 0.7918689675343668 0.14414362415165458 0.08934306832125571 0.09218973594758395 0.03493075456319735 0.019489555970145567 0.04479184613252141 0.0002 0
heritage corr 0 0.7323778882714244 0.00028636013443413374 0.025862812225138754 0.27402351089545784 0.01147341635247669 0.09287556729091495 0.02527636214267126 0.0003 0
heritage corr 1 0.7344837671833869 0.005993457475850765 0.03027322798153076 0.25420578406401473 0.007541786537818455 0.08605521660878601 0.02625286500892443 0.0003 0
heritage corr 2 0.734776250365604 0.0051017244443077436 0.02784508383735762 0.26285529694988136 0.012154413420467013 0.08970075578389292 0.02564600033622977 0.0003 0
heritage corr 3 0.7289265867212635 0.004370047201671415 0.02570140285189737 0.266679866876809 0.00825067916047796 0.0904542478783652 0.02507349774022405 0.0003 0
heritage corr 4 0.7327873647265283 0.007373480196827658 0.03188386464465065 0.25862517863263224 0.015144589334188512 0.08601647359083664 0.029722034045397194 0.0003 0
heritage corr 5 0.7293945598128108 0.0026274451826591334 0.026615916889431546 0.2649220838010457 0.00609479945052712 0.09184652293185813 0.02509432956295221 0.0003 0
heritage corr 6 0.7319684118163206 0.003279814700223515 0.02854895506653321 0.26866536102694233 0.013049978712589828 0.08958554000897578 0.026883035097031716 0.0003 0
heritage corr 7 0.7314419420883299 0.0034785962983396607 0.029314368089605303 0.2544338001766626 0.011437177414386875 0.08760875202391283 0.026676385799754065 0.0003 0
heritage corr 8 0.7283416203568295 0.003514263243784856 0.028264283291569825 0.2615843549654705 0.016765734015812096 0.0891342732568301 0.02792170560593288 0.0003 0
heritage corr 9 0.7310324656332261 0.003483852792381127 0.023116170671100278 0.2604950632754834 0.005097554440252018 0.09163179720545411 0.022635369818348572 0.0003 0
heritage corr 0 0.7152968704299503 0.024272158213536142 0.005965798915451792 0.26569123781849247 0.0026603594388029594 0.10389327693303585 0.014627277415177886 0.0004 0
heritage corr 1 0.7176952325241298 0.025234883612345417 0.008146524186535942 0.2670780943484635 0.0009899550843570578 0.10214546018405368 0.01552581740838832 0.0004 0
heritage corr 2 0.7183386955250073 0.021269007346591165 0.007044285325876309 0.26938814922616516 0.0029333313468804345 0.10550889058384616 0.015594452154801708 0.0004 0
heritage corr 3 0.7175782392512431 0.027713038424685622 0.006389647531817921 0.2799151727118275 0.0014709637800508664 0.10593357366521428 0.014916896375510191 0.0004 0
heritage corr 4 0.7183971921614507 0.02011927549027278 0.010656654517154251 0.2690559625416521 0.007110037514946852 0.10007229149126129 0.018140017445682943 0.0004 0
heritage corr 5 0.7144194208832992 0.024608766867281917 0.006480514810069948 0.2650576733155232 0.0017718312427976344 0.10360559512360101 0.014929383548218489 0.0004 0
heritage corr 6 0.7175782392512431 0.02076028563512043 0.007902621987383895 0.2665178915513027 0.004579506178766139 0.10356741834976013 0.0160144264693729 0.0004 0
heritage corr 7 0.7162328166130447 0.023022345086484756 0.008579432708637924 0.26489157997326673 0.0037647621462440304 0.10237523608281496 0.01675090143826896 0.0004 0
heritage corr 8 0.7159403334308277 0.024266619591283407 0.004773616648506618 0.27893386457217795 0.005047494139727778 0.1068015066742447 0.01420634942631871 0.0004 0
heritage corr 9 0.7157063468850541 0.02528648337730049 0.006220787578201659 0.26411510503715296 1.6433937040821577e-05 0.10265335134704845 0.014520585104209616 0.0004 0
