heritage fair-scale 0 0.7998245100906698 0.4418590775655824 0.4418590756696734 0.3788320703186473 0.23966204536613583 0.378832090531823 0.23966204405838099 0.01 0
heritage fair-scale 0 0.8520035097981866 0.3847420578575669 0.3847420696991062 0.22540544254735867 0.1418559747274834 0.2254054479180141 0.1418559676600703 0.01 0
heritage fair-scale 0 0.8574436969874232 0.41035160773447243 0.4103516292467224 0.2230725097988228 0.16571455383179987 0.2230725221910319 0.1657145570005607 0.001 0
heritage fair-scale 0 0.8579701667154138 0.4038559768914228 0.4038560046596522 0.22011333346598463 0.15647391958696485 0.22011333048005888 0.15647391881126393 1000.0 0
heritage fair-scale 0 0.8559812810763381 0.4007904905386415 0.40079046336440816 0.21715415713314645 0.15679981719997363 0.21715413876908585 0.15679981837273171 1e-07 0
heritage fair-scale 1 0.704708979233694 0.2011075818806322 0.2011075779465561 0.19437039060761502 0.12558401731229674 0.19437039809315193 0.12558402491855536 1e-07 0
heritage fair-scale 1 0.79725065808716 0.40893835327997907 0.4089383435565723 0.3875930746950461 0.2016256138086303 0.38759307898303597 0.20162561307473126 1e-07 0
heritage fair-scale 1 0.8492541678853466 0.39604577707241007 0.3960457475171757 0.2316753518281876 0.15801841470069816 0.23167531991972545 0.15801840922181565 1e-07 0
heritage fair-scale 0 0.5362971629131325 0.22058114013958513 0.2205811077183153 0.1531398917901663 0.1481263644745463 0.15313988467634054 0.14812635933976281 0 0
heritage fair-scale 1 0.704708979233694 0.2011075818806322 0.2011075779465561 0.19437039060761502 0.12558401731229674 0.19437039809315193 0.12558402491855536 0 0
heritage fair-scale 2 0.659432582626499 0.3089854805808045 0.3089854625169792 0.19907042039179906 0.24690448142001148 0.1990704179087155 0.24690445521758608 0 0
heritage fair-scale 0 0.8325241298625329 0.43541054728496087 0.4354105238494117 0.34338448717153625 0.19727892173794181 0.3433844642822601 0.19727892958286597 0 0
heritage fair-scale 1 0.8362094179584674 0.4134669713852348 0.4134669553200314 0.31320583019668724 0.17416964588608522 0.3132058586714903 0.17416964883596736 0 0
heritage fair-scale 2 0.8355659549575899 0.4158602798502502 0.4158602903526931 0.30520925174442964 0.1819841515021806 0.30520926996441844 0.18198415467190265 0 0
heritage fair-scale 3 0.8335770693185142 0.4204422350362883 0.42044221846931484 0.3284186991866167 0.1831414799145531 0.3284187219018122 0.18314147381062867 0 0
heritage fair-scale 4 0.8308277274056741 0.4292117004713091 0.4292116931315748 0.3403363921807225 0.1949447127419484 0.340336372246254 0.19494471118018875 0 0
heritage fair-scale 5 0.839192746417081 0.4200100443143365 0.4200100699064111 0.30710613227486494 0.17935194044784747 0.3071061281232197 0.17935193540597139 0 0
heritage fair-scale 6 0.8350979818660427 0.4000809232384564 0.4000809147929869 0.3078553062851166 0.15968544799113568 0.30785532868339605 0.15968545422895375 0 0
heritage fair-scale 7 0.8357999415033636 0.4404101413167907 0.44041013150184916 0.31619612043386003 0.21144556540330312 0.31619613420378734 0.21144557114107676 0 0
heritage fair-scale 8 0.8379643170517695 0.40506424292715215 0.4050642503778856 0.31208161162389325 0.15957542488956264 0.31208159589524254 0.1595754315085579 0 0
heritage fair-scale 9 0.8368528809593448 0.4106736793609114 0.41067365078110507 0.30511652010798157 0.17142741173017909 0.30511649533759044 0.17142740684964025 0 0
heritage fair-scale 0 0.8325241298625329 0.43541054728496087 0.4354105238494117 0.34338448717153625 0.19727892173794181 0.3433844642822601 0.19727892958286597 0.001 0
heritage fair-scale 1 0.8362094179584674 0.4134669713852348 0.4134669553200314 0.31320583019668724 0.17416964588608522 0.3132058586714903 0.17416964883596736 0.001 0
heritage fair-scale 2 0.8355659549575899 0.4158602798502502 0.4158602903526931 0.30520925174442964 0.1819841515021806 0.30520926996441844 0.18198415467190265 0.001 0
heritage fair-scale 3 0.8335770693185142 0.4204422350362883 0.42044221846931484 0.3284186991866167 0.1831414799145531 0.3284187219018122 0.18314147381062867 0.001 0
heritage fair-scale 4 0.8308277274056741 0.4292117004713091 0.4292116931315748 0.3403363921807225 0.1949447127419484 0.340336372246254 0.19494471118018875 0.001 0
heritage fair-scale 5 0.839192746417081 0.4200100443143365 0.4200100699064111 0.30710613227486494 0.17935194044784747 0.3071061281232197 0.17935193540597139 0.001 0
heritage fair-scale 6 0.8350979818660427 0.4000809232384564 0.4000809147929869 0.3078553062851166 0.15968544799113568 0.30785532868339605 0.15968545422895375 0.001 0
heritage fair-scale 7 0.8357999415033636 0.4404101413167907 0.44041013150184916 0.31619612043386003 0.21144556540330312 0.31619613420378734 0.21144557114107676 0.001 0
heritage fair-scale 8 0.8379643170517695 0.40506424292715215 0.4050642503778856 0.31208161162389325 0.15957542488956264 0.31208159589524254 0.1595754315085579 0.001 0
heritage fair-scale 9 0.8368528809593448 0.41099851287405015 0.4109984960854498 0.3053985279957982 0.17181040673982959 0.30539854450826187 0.1718104113843913 0.001 0
heritage fair-scale 0 0.8326411231354197 0.43541054728496087 0.4354105238494117 0.3436664950593529 0.19689592672829132 0.34366651345293153 0.19689592504811493 0.01 0
heritage fair-scale 1 0.8360924246855805 0.41353796375250096 0.41353795190042364 0.31320583019668724 0.1744426177941627 0.3132058586714903 0.1744426157491618 0.01 0
heritage fair-scale 2 0.8355659549575899 0.41593127221751647 0.41593128693308534 0.30466841887790846 0.18236714651183122 0.3046684472361667 0.18236714430549295 0.01 0
heritage fair-scale 3 0.8335185726820707 0.42060465179285766 0.4206046411214872 0.3284186991866167 0.1835244749242036 0.3284187219018122 0.18352447834537972 0.01 0
heritage fair-scale 4 0.8308277274056741 0.42953653398444785 0.42953653843591955 0.33979555931420136 0.19582072586282268 0.3397955495180023 0.19582072806892592 0.01 0
heritage fair-scale 5 0.8393097396899678 0.4200810366816028 0.4200810068821603 0.30684730729616044 0.17935194044784747 0.3068473247633179 0.17935193540597139 0.01 0
heritage fair-scale 6 0.8350979818660427 0.3998270820925839 0.3998270958713559 0.30703246553077873 0.15968544799113568 0.3070324567844729 0.15968545422895375 0.01 0
heritage fair-scale 7 0.835858438139807 0.4405015657060939 0.4405015575736293 0.31619612043386003 0.21155558850487627 0.31619613420378734 0.2115555938614726 0.01 0
heritage fair-scale 8 0.8380813103246564 0.4053890764402909 0.40538906587990886 0.31264562739952656 0.15957542488956264 0.3126456346319424 0.1595754315085579 0.01 0
heritage fair-scale 9 0.8368528809593448 0.41106950524131636 0.41106949266584203 0.30485769512927696 0.1721934017494802 0.30485772178001014 0.17219340101798158 0.01 0
heritage fair-scale 0 0.8326996197718631 0.43762308581082154 0.43762310780217883 0.34458206745013886 0.19962981750077674 0.3445821003740397 0.1996298149338418 0.1 0
heritage fair-scale 1 0.8363849078677976 0.4152836840306904 0.4152836899374812 0.3138393946996566 0.17624756974084255 0.31383939642192704 0.17624757099903893 0.1 0
heritage fair-scale 2 0.8356829482304767 0.41726073459326407 0.41726075359401804 0.30556080835958227 0.18356905724571437 0.30556081814882674 0.183569062618343 0.1 0
heritage fair-scale 3 0.833986545773618 0.42153828828820017 0.4215382584471026 0.32877025580176933 0.18379744683228116 0.3287702700862205 0.18379744525857417 0.1 0
heritage fair-scale 4 0.8304767475870137 0.43003348055531154 0.43003346979518287 0.34010075011112995 0.19669256729198653 0.34010075509247883 0.1966925633194277 0.1 0
heritage fair-scale 5 0.8399532026908453 0.42175576459252595 0.4217557483388257 0.3063992060660874 0.181103966689596 0.30639921705725115 0.18110396918344573 0.1 0
heritage fair-scale 6 0.8350394852295993 0.40049718114089833 0.4004971787185314 0.3086781470394544 0.1600684430007863 0.3086781409776762 0.16006844386254404 0.1 0
heritage fair-scale 7 0.8350979818660427 0.4425312554533482 0.44253122977819315 0.31706532700642187 0.21538136690967177 0.31706528910799925 0.21538136630113802 0.1 0
heritage fair-scale 8 0.8387247733255337 0.40652599373627657 0.40652599464279393 0.3135380168812004 0.1597954710927087 0.3135380055446024 0.15979547881199468 0.1 0
heritage fair-scale 9 0.8369698742322317 0.41073393600729624 0.4107339408774986 0.30354038732664207 0.17164328624161482 0.30354042936741 0.17164328555335728 0.1 0
heritage fair-scale 0 0.8489031880666862 0.4096867057847865 0.4096866798494252 0.24725533438543684 0.17053054015075303 0.2472553179485999 0.17053053764907888 1 0
heritage fair-scale 1 0.8499561275226675 0.40344179782843237 0.4034417672919697 0.2240496999217222 0.16998459633459795 0.22404968070835807 0.16998458892152923 1 0
heritage fair-scale 2 0.8475577654284878 0.407777529330302 0.40777753568358577 0.23841654524820177 0.17430339285061713 0.23841654543827318 0.17430338861634154 1 0
heritage fair-scale 3 0.8482012284293653 0.41012339570926537 0.410123380716938 0.24198991615336946 0.17589664197757152 0.24198990339070825 0.1758966505260272 1 0
heritage fair-scale 4 0.8439894706054402 0.40958766393377927 0.40958769143856455 0.25821871512747757 0.17512648026656008 0.2582187277609487 0.17512648775796613 1 0
heritage fair-scale 5 0.8500731207955543 0.40374723873926 0.40374723363675935 0.2264486734573994 0.1697157961182308 0.22644864837978318 0.16971579060805453 1 0
heritage fair-scale 6 0.8517110266159695 0.3992490904808209 0.3992491021976139 0.21833618045958159 0.16276478854787862 0.21833615844439969 0.16276478282318152 1 0
heritage fair-scale 7 0.8455688797894121 0.4124671832487772 0.4124671842912675 0.2537685116928031 0.17658884783338966 0.2537684961030333 0.17658885414633574 1 0
heritage fair-scale 8 0.8476747587013747 0.40648893099862826 0.40648892055484853 0.2471162369307647 0.16724236217869182 0.24711620071184015 0.16724236183636287 1 0
heritage fair-scale 9 0.8502486107048844 0.40358274314323905 0.40358271737150164 0.22226110797990212 0.16965035533816833 0.22226112418588606 0.16965035216062196 1 0
heritage fair-scale 0 0.8470897923369406 0.4095564961908611 0.40955649585853493 0.2582149021490051 0.16872558820407318 0.25821491306379674 0.16872558239920177 10 0
heritage fair-scale 1 0.849605147704007 0.40230591995217246 0.40230591886323896 0.23103416136827368 0.16549867932036402 0.23103415277498485 0.16549867643419858 10 0
heritage fair-scale 2 0.8476747587013747 0.40728058275943824 0.40728060432432245 0.23837017942997765 0.17370452332953076 0.23837017302601993 0.1737045221416793 10 0
heritage fair-scale 3 0.8467388125182802 0.4101351708498723 0.4101351898868322 0.24942247882999405 0.17568076746613567 0.24942248316340176 0.17568076995966508 10 0
heritage fair-scale 4 0.8424685580579117 0.4106352356799131 0.4106352579404333 0.27002430655449555 0.17452761074547363 0.2700242915742308 0.17452760265685296 10 0
heritage fair-scale 5 0.8494881544311202 0.4009463292532325 0.40094629970352913 0.22819089958099548 0.1657228972152205 0.22819089209464494 0.16572289047471 10 0
heritage fair-scale 6 0.8508920737057619 0.3962760679370685 0.39627608966004546 0.22029086574365822 0.15921198205116058 0.220290892711553 0.15921197729671055 10 0
heritage fair-scale 7 0.8442819537876572 0.4135448833181036 0.4135449032919134 0.26315194667503183 0.1767559683316044 0.2631519656434067 0.1767559669388541 10 0
heritage fair-scale 8 0.8479087452471483 0.40631681794090324 0.40631683449992995 0.24763388688817395 0.16664349265760545 0.24763386703628676 0.16664349163641046 10 0
heritage fair-scale 9 0.8491956712489032 0.4051272614602369 0.40512727483727673 0.23223174164687604 0.16970745273481017 0.23223172926212143 0.16970745340861504 10 0
heritage fair-scale 0 0.8469143024276105 0.40990176172603665 0.4099017706542676 0.25929656788204747 0.1691085832137238 0.2592965883226217 0.1691085869339528 100 0
heritage fair-scale 1 0.8498391342497806 0.4017272452931612 0.4017272248349417 0.23049332850175247 0.16434969429141227 0.23049330024441161 0.16434969263226695 100 0
heritage fair-scale 2 0.8476747587013747 0.40753442390531086 0.40753439344363196 0.23837017942997765 0.1741975414407544 0.23837017302601993 0.17419753449566544 100 0
heritage fair-scale 3 0.8467388125182802 0.4101351708498723 0.4101351898868322 0.24942247882999405 0.17568076746613567 0.24942248316340176 0.17568076995966508 100 0
heritage fair-scale 4 0.8423515647850248 0.41038139453404066 0.4103814092164808 0.2697422986666789 0.17441758764390058 0.2697423020082024 0.17441757993645712 100 0
heritage fair-scale 5 0.8494296577946768 0.40110874600980173 0.4011087223557015 0.22819089958099548 0.16610589222487113 0.22819089209464494 0.16610589500946105 100 0
heritage fair-scale 6 0.8508920737057619 0.3966009014502072 0.3966008753597472 0.22057287363147488 0.1595949770608112 0.22057288227758143 0.1595949818314616 100 0
heritage fair-scale 7 0.8442234571512138 0.41363630770740667 0.41363632191311317 0.26369277954155307 0.1767559683316044 0.26369278837165844 0.1767559669388541 100 0
heritage fair-scale 8 0.8479672418835917 0.40622539355160014 0.4062254158787302 0.24709305402165277 0.16664349265760545 0.24709307411035653 0.16664349163641046 100 0
heritage fair-scale 9 0.8490786779760163 0.405198253827503 0.40519827141766895 0.23140890089253824 0.1704734427541113 0.23140888716551977 0.17047344757695637 100 0
heritage fair-scale 0 0.846855805791167 0.40973934496946735 0.4097393480020952 0.25901455999423084 0.1691085832137238 0.2590145391519503 0.1691085869339528 1000 0
heritage fair-scale 1 0.8497806376133372 0.40188966204973053 0.4018896474871141 0.23049332850175247 0.16473268930106288 0.23049330024441161 0.16473268226585724 1000 0
heritage fair-scale 2 0.8476747587013747 0.40753442390531086 0.40753439344363196 0.23837017942997765 0.1741975414407544 0.23837017302601993 0.17419753449566544 1000 0
heritage fair-scale 3 0.8466803158818368 0.4099727540933029 0.4099727672346598 0.2491404709421774 0.17568076746613567 0.24914049359737334 0.17568076995966508 1000 0
heritage fair-scale 4 0.8422345715121381 0.41038139453404066 0.4103814092164808 0.2694602907788624 0.17480058265355108 0.26946031244217394 0.17480058447120816 1000 0
heritage fair-scale 5 0.8494881544311202 0.4009463292532325 0.40094629970352913 0.22819089958099548 0.1657228972152205 0.22819089209464494 0.16572289047471 1000 0
heritage fair-scale 6 0.8509505703422053 0.3964384846936378 0.39643851231221783 0.22057287363147488 0.15921198205116058 0.22057288227758143 0.15921197729671055 1000 0
heritage fair-scale 7 0.8442234571512138 0.413707300074673 0.41370732594408577 0.26315194667503183 0.177138963341255 0.2631519656434067 0.17713897147360513 1000 0
heritage fair-scale 8 0.8478502486107049 0.40615440118433394 0.4061544118477576 0.24735187900035735 0.16664349265760545 0.24735187747025833 0.16664349163641046 1000 0
heritage fair-scale 9 0.8490786779760163 0.405198253827503 0.40519827141766895 0.23140890089253824 0.1704734427541113 0.23140888716551977 0.17047344757695637 1000 0
heritage fair-scale 0 0.8325241298625329 0.43541054728496087 0.4354105238494117 0.34338448717153625 0.19727892173794181 0.3433844642822601 0.19727892958286597 0.0001 0
heritage fair-scale 0 0.8324656332260895 0.4352481305283915 0.43524810119723933 0.34310247928371973 0.19727892173794181 0.3431024747162317 0.19727892958286597 1e-06 0
heritage fair-scale 0 0.8465048259725065 0.4179720392092764 0.41797203070008626 0.27206028453960307 0.17610834479729706 0.2720602669697918 0.17610834386621865 1e-06 0
heritage fair-scale 0 0.8324656332260895 0.4352481305283915 0.43524810119723933 0.34310247928371973 0.19727892173794181 0.3431024747162317 0.19727892958286597 1e-06 0
heritage fair-scale 0 0.8408891488739397 0.41298318089832786 0.4129831891362905 0.27764614548248856 0.17973910714920854 0.27764611608844625 0.17973910667779708 1e-06 0
heritage fair-scale 0 0.8439309739689967 0.41260466878078267 0.41260469220266627 0.2690585553670133 0.17590081366928184 0.26905854734603896 0.17590081540045677 1e-06 0
heritage fair-scale 0 0.8346885054109389 0.4156826281702726 0.415682608911913 0.3342983119910136 0.1706697650942985 0.3342983325034874 0.17066976291925406 0.001 0
heritage fair-scale 0 0.8346885054109389 0.4156826281702726 0.415682608911913 0.3342983119910136 0.1706697650942985 0.3342983325034874 0.17066976291925406 0.001 0
heritage fair-scale 0 0.8346885054109389 0.4160074616834113 0.41600745421625773 0.33458031987883025 0.1710527601039491 0.3345803220695158 0.1710527674540051 0.001 0
