heritage fbc 0 0.7430827727405674 0.20723753619148227 0.4571773303327902 0.22286463285439267 0.07642379315588865 0.42989539954880074 0.21264722798792612 0.0
heritage fbc 1 0.73419128400117 0.16412230074197048 0.44591107855667533 0.17527835506273567 0.06366920354691563 0.3585966307147843 0.25780774627862646 0.0
heritage fbc 2 0.761099736765136 0.2630444877892382 0.6926461900083859 0.2723360472589717 0.10531971193077316 0.6252436379050123 0.3492491004133573 0.0
heritage fbc 3 0.7570049722140977 0.21675882904672172 0.6080545775393962 0.2298068467063643 0.0626039051502233 0.5495788890256404 0.26245089815544176 0.0
heritage fbc 0 0.7467095642000585 0.21438629405666015 0.5342159256026774 0.22454142831737522 0.07359108798523673 0.48160440761181955 0.24622458881940879 0.05
heritage fbc 1 0.7682363264112314 0.2707054271639524 0.631964235602109 0.2563933737143017 0.1022502737830785 0.5634981051831043 0.3050216358365958 0.05
heritage fbc 0 0.7430827727405674 0.20723753619148227 0.4571773303327902 0.22286463285439267 0.07642379315588865 0.42989539954880074 0.21264722798792612 0.0
heritage fbc 1 0.73419128400117 0.16412230074197048 0.44591107855667533 0.17527835506273567 0.06366920354691563 0.3585966307147843 0.25780774627862646 0.0
heritage fbc 2 0.761099736765136 0.2630444877892382 0.6926461900083859 0.2723360472589717 0.10531971193077316 0.6252436379050123 0.3492491004133573 0.0
heritage fbc 3 0.7570049722140977 0.21675882904672172 0.6080545775393962 0.2298068467063643 0.0626039051502233 0.5495788890256404 0.26245089815544176 0.0
heritage fbc 0 0.7467095642000585 0.21438629405666015 0.5342159256026774 0.22454142831737522 0.07359108798523673 0.48160440761181955 0.24622458881940879 0.05
heritage fbc 1 0.7682363264112314 0.2707054271639524 0.631964235602109 0.2563933737143017 0.1022502737830785 0.5634981051831043 0.3050216358365958 0.05
heritage fbc 2 0.7426732962854636 0.2304288470699633 0.5837868112921216 0.2476079660138542 0.09811528440888329 0.5490435462646168 0.2897008728804982 0.05
heritage fbc 3 0.7548405966656917 0.24304333433028538 0.6367167309855676 0.2595913951139578 0.0966500513939792 0.5373137889755015 0.34668159117493347 0.05
heritage fbc 0 0.7568879789412108 0.23513443394818578 0.5784763212940851 0.2486820058219607 0.08483013144748142 0.5442426173282978 0.26804114854092875 0.1
heritage fbc 1 0.7405674173735011 0.21980180462870247 0.49136167175178247 0.245193435454051 0.08640538756723737 0.41901181168789925 0.2554753015973984 0.1
heritage fbc 2 0.7589938578531734 0.2571500422910201 0.6539341251696674 0.2813485559640018 0.09690216485101855 0.6326335760190783 0.30048071226113926 0.1
heritage fbc 3 0.7594033343082772 0.2608641563610425 0.5842823987473601 0.2821212179446704 0.10089089218119185 0.5565640615757695 0.2772210816673475 0.1
heritage fbc 0 0.7505118455688798 0.23135590555095586 0.5833474514692035 0.24125706888100057 0.09230205290640714 0.5050649368497775 0.31046852980606543 0.15
heritage fbc 1 0.738110558642878 0.16924102727577023 0.542139630433358 0.21326812834912973 0.04490244751474404 0.4662103180314395 0.29761070893632113 0.15
heritage fbc 2 0.7175197426147997 0.11801395216109176 0.31840563358482277 0.13998451015579222 0.04443028784800074 0.29362668483230236 0.1577185515431404 0.15
heritage fbc 3 0.7737350102369114 0.3401211007170125 0.6970574687705355 0.32025481678332857 0.16490971721449477 0.690758642248533 0.32496502514237713 0.15
heritage fbc 0 0.7467680608365019 0.23333953421462467 0.5863967216227799 0.25011522821286913 0.09153892826877019 0.5125970447400079 0.2820094078845734 0.2
heritage fbc 1 0.7526177244808423 0.24809452827760753 0.5711422234660359 0.2615848203187223 0.10428074997243097 0.5332579188417857 0.2833244865756642 0.2
heritage fbc 2 0.7367066393682363 0.1514804618931938 0.42815980773399376 0.18744312942438968 0.03634281008280216 0.4007195840054215 0.19910541472397014 0.2
heritage fbc 3 0.7698157355952032 0.32325676759521593 0.7255251904697542 0.2922124945512536 0.15695598641781416 0.6507794463421828 0.35551137483775574 0.2
heritage fbc 0 0.7546651067563616 0.22255389116734647 0.5635401804907174 0.24980210641138623 0.07326363124536506 0.5257216575272409 0.28285875060418264 0.25
heritage fbc 1 0.7525007312079556 0.23518949349758303 0.5167573304619326 0.25140554016637395 0.08576610739729873 0.4606129355493939 0.2666332228427861 0.25
heritage fbc 2 0.7540801403919275 0.2396069532192508 0.4837756028079111 0.2572117914380024 0.08856961072510794 0.47388153502227615 0.218089561238763 0.25
heritage fbc 3 0.7644925416788535 0.2564789038029785 0.649313080900719 0.27247895769637526 0.08990657475067076 0.5988048213956707 0.30519120119235876 0.25
heritage fbc 0 0.7578824217607487 0.24684229475016106 0.5570769698921847 0.2659616621780283 0.09606786862238381 0.5274786457911862 0.26902834414808663 0.3
heritage fbc 1 0.7501608657502193 0.24884149986132653 0.5994948100559485 0.23671825169136107 0.11131127272460661 0.49972078819467947 0.3271210952505079 0.3
heritage fbc 2 0.762971629131325 0.24777073417454465 0.5934501830465592 0.2662785969580972 0.0829639103568317 0.5492440857893077 0.2657868331893488 0.3
heritage fbc 3 0.7276396607195086 0.11848215136606632 0.35805296072239745 0.13490867306209942 0.021303018252752937 0.3058760800026828 0.16012405264244223 0.3
heritage fbc 0 0.7085112606025153 0.06995556302353903 0.2972014840255144 0.08961308028577208 0.015906155306019132 0.2784242113443275 0.12889747914246807 0.35
heritage fbc 1 0.7588768645802866 0.2427219605903702 0.6069149326508165 0.24812973400356347 0.08923392104605476 0.5424345378040292 0.3116048378552583 0.35
heritage fbc 2 0.7617431997660135 0.2635241057626827 0.5510095786355484 0.23247318637198744 0.10231727368224153 0.46000496503956667 0.26464079509876404 0.35
heritage fbc 3 0.7498683825680024 0.2159477846594295 0.4931713105982529 0.22483106217076837 0.07824960361553368 0.4231670032423812 0.2344033099363192 0.35
heritage fbc 0 0.7513892951155309 0.2536073433877297 0.5491752548523611 0.26305296959347857 0.10613314970023446 0.4650525853978873 0.31191128697994264 0.4
heritage fbc 1 0.7453056449254168 0.19882822944080433 0.4533907395418446 0.1983994946125663 0.07834007454855452 0.40422051977351964 0.22858669281122768 0.4
heritage fbc 2 0.7542556303012576 0.23998650476783326 0.6265821269806289 0.2543955254543774 0.09434373788392159 0.556500951759782 0.32656932725385956 0.4
heritage fbc 3 0.7487569464755777 0.21192373046681556 0.46450950346785497 0.23974636676522457 0.07012171521933053 0.42914976958274764 0.2310056864683977 0.4
heritage fbc 0 0.7607487569464756 0.26869374901570664 0.5142926933604339 0.27152876343274224 0.11141843042496602 0.47177926708459844 0.23737316258187524 0.6
heritage fbc 1 0.7447791751974262 0.18814196977111947 0.3954697422248714 0.20388499812553967 0.06051060075354242 0.39485978244870285 0.16158635541010213 0.6
heritage fbc 2 0.7447791751974262 0.20666613745352197 0.45439357443856565 0.23079547579414433 0.07444468355589451 0.42938163443288446 0.21746317328114106 0.6
heritage fbc 3 0.7493419128400117 0.1981127671245667 0.40516859440654285 0.22092519942640604 0.061240351856501896 0.407486996357565 0.17083103135545263 0.6
heritage fbc 0 0.7389880081895291 0.2097454778781333 0.4842430992689043 0.24441665545650965 0.08550278515209753 0.467648927117717 0.2362627367959721 0.8
heritage fbc 1 0.74518865165253 0.20215171471740864 0.44384022860309447 0.22990689926446117 0.069209463133179 0.4152251850886033 0.20613614349234366 0.8
heritage fbc 2 0.7474700204738227 0.20755890993139742 0.41604526445803347 0.2455796139252418 0.06168748137223712 0.4159578196009702 0.17437556945427746 0.8
heritage fbc 3 0.7514477917519743 0.24495215446917978 0.5335823064171306 0.25138647527344393 0.09214066321219683 0.5135597442644559 0.2237292698167861 0.8
heritage fbc 0 0.7399239543726236 0.16597018118541546 0.35802923856978264 0.19596147610467327 0.04429940628397533 0.35011041861550657 0.15715745998291053 1.0
heritage fbc 1 0.7417373501023691 0.23329624980618535 0.45718129881364944 0.2233051081406483 0.12382601112223601 0.37411365721168827 0.26619163927366374 1.0
heritage fbc 2 0.7299210295408014 0.1426434636103449 0.2631053861295587 0.1626188085997614 0.04330919834030722 0.249958410281453 0.11555848054577 1.0
heritage fbc 3 0.7593448376718339 0.22446652746163331 0.5135843398355278 0.23507226509535345 0.07116484886950736 0.46098950896585333 0.2371406828764684 1.0
