heritage fnnc 8 0.7367651360046797 0.018363799515514888 0.004738092281279194 0.1805712215161021 0.013685887799468149 0.04410990941196946 0.019937604071569304 3 ce
heritage fnnc 0 0.8571512138052062 0.4010121245218701 0.17110844936643677 0.21519947184906985 0.15460352686022255 0.082231459551112 0.08432119833465812 0 ce
heritage fnnc 1 0.8549868382568002 0.3959384198635969 0.16898515316888219 0.2092811191833936 0.15521491145643987 0.08042639254252926 0.08348247160069722 0 ce
heritage fnnc 2 0.8566247440772156 0.39477033482469315 0.16907259318016177 0.21134790603455797 0.1483168295910191 0.07943153144623238 0.08241876714173646 0 ce
heritage fnnc 2 0.7540216437554841 0.05020128510953899 0.014489709899136116 0.18865992152825234 0.001977297594107608 0.04961207361185327 0.01816922372075247 1 ce
heritage fnnc 2 0.7426147996490202 0.02759696493902985 0.0085130629386585 0.19245780060587334 0.005647164288516064 0.048355190504932644 0.01913770976252227 2 ce
heritage fnnc 3 0.856683240713659 0.3988200180180463 0.16967829556231795 0.21534238228221433 0.15214260799581464 0.08219486230031059 0.08180394524920143 0 ce
heritage fnnc 3 0.7486984498391343 0.04335761199576083 0.007875650886426833 0.20122261796074456 0.00775273086814211 0.05407506066337042 0.02283844283704628 1 ce
heritage fnnc 3 0.7454226381983036 0.03192092130029247 0.010307430913822913 0.18555051384360277 0.007945134346419544 0.04535236819528432 0.018907308015009505 2 ce
heritage fnnc 3 0.741152383737935 0.027752803653620792 0.008328050126789499 0.1758774450166127 0.009248724798455095 0.042497723028131595 0.01855906788828765 3 ce
heritage fnnc 3 0.7337233109096227 0.01695468789107124 0.004457771645254738 0.16918673543157275 0.0155479371427896 0.0384874928448351 0.018833189641440207 4 ce
heritage fnnc 3 0.7337233109096227 0.02015316057333104 0.004876583669287449 0.14956621584672078 0.011382439762550989 0.03090926912697345 0.017021536319806074 5 ce
heritage fnnc 4 0.8535829189821585 0.39495318360329945 0.16932737322666114 0.20949357834387405 0.15542661427616541 0.07970332861830798 0.08354937781246363 0 ce
heritage fnnc 4 0.7615092132202398 0.06488944404442534 0.022793918168726002 0.16952212501800254 0.0070696268851467205 0.04422542321010159 0.0109250840269004 1 ce
heritage fnnc 4 0.743316759286341 0.02908572581216961 0.0076918301674178124 0.18684463873712565 0.01103412457388649 0.04674365977216777 0.019957124592151487 2 ce
heritage fnnc 4 0.7434337525592278 0.03122796986686558 0.009238064013777247 0.16856460986402064 0.008567727730464884 0.041099874940518255 0.017477839664285177 3 ce
heritage fnnc 4 0.7382860485522083 0.02563030857371337 0.006608158153052379 0.16079223454593838 0.0078909023541851 0.038496582552892455 0.017099916425349804 4 ce
heritage fnnc 4 0.734776250365604 0.018963604092664593 0.004638761143721304 0.16224101384630069 0.009524562110939744 0.03851401691096967 0.015851199154520046 5 ce
heritage fnnc 5 0.855805791167008 0.40324405565004195 0.16955705971845791 0.21089599182601243 0.1622021579648822 0.07947182418489973 0.08462667213002817 0 ce
heritage fnnc 5 0.7653114945890611 0.07121504066920133 0.03310909768613879 0.16157953834091368 0.007522234366570017 0.037497936561765144 0.00301596513342961 1 ce
heritage fnnc 5 0.7431412693770109 0.033053339393751116 0.012287318340321818 0.17303418322933461 0.003980130998078667 0.044574825627361925 0.016563593847644498 2 ce
heritage fnnc 5 0.7395729745539631 0.024141889224197757 0.0018722712435641498 0.17441341380236086 0.010658166660353251 0.04877924773754927 0.021210729443707166 3 ce
heritage fnnc 5 0.740859900555718 0.030535018433438692 0.0026630758445538305 0.1513430638148459 0.008261382288704546 0.044052957175583884 0.01988476455555066 4 ce
heritage fnnc 5 0.7355367066393682 0.025220287189625754 0.0010225176506484246 0.14180909244252798 0.00907195462951645 0.039883344176907976 0.019544571055633675 5 ce
heritage fnnc 6 0.8560982743492249 0.3951156003598687 0.16948714347222005 0.2132292296128261 0.14886277340717408 0.08114856239710555 0.08200487250075117 0 ce
heritage fnnc 6 0.7620941795846738 0.06047094503468244 0.023761480338529317 0.17316885762897877 0.001975991306804354 0.0431144224669211 0.011310904881033146 1 ce
heritage fnnc 6 0.7424978063761334 0.02482202609729192 0.009848713581302349 0.19081593207567016 0.01464820015895647 0.0447307513734474 0.01972940505357368 2 ce
heritage fnnc 6 0.7375255922784439 0.02215964156299558 0.0059179661894450675 0.178998901713235 0.010186007007681406 0.0429911004605561 0.02030667602101932 3 ce
heritage fnnc 6 0.7377595788242176 0.025078643978717417 0.005585491490796457 0.1613368803909319 0.01086986948007879 0.03812613969665346 0.019183873558525022 4 ce
heritage fnnc 6 0.7321439017256508 0.017818029915249056 0.0003834962730557834 0.15572402356046203 0.009141567101289126 0.03602740061201448 0.020757287122092016 5 ce
heritage fnnc 7 0.8563907575314419 0.40127774080834955 0.17297920069160444 0.21938703732656728 0.15554080906944887 0.08454096065339556 0.08376946795673756 0 ce
heritage fnnc 7 0.7572974553963148 0.05589764673007433 0.014895587715638037 0.19037896474273636 0.004281504120426544 0.05070274917177109 0.016502499088570488 1 ce
heritage fnnc 7 0.7432582626498976 0.03172213970217632 0.0065856872026417435 0.18240587423786847 0.011820973051739415 0.04950597734731499 0.019867836836938935 2 ce
heritage fnnc 7 0.7368236326411232 0.017730406832371384 0.0035797654515574706 0.18459650662981536 0.016281859915711225 0.047930000784099036 0.01901194396579431 3 ce
heritage fnnc 7 0.7288095934483767 0.007704550228320698 0.0007016956597061252 0.1714158026465212 0.023347062279346964 0.04653546075417214 0.020469247684799186 4 ce
heritage fnnc 7 0.7270546943550746 0.0087195732881866 0.0022312402060258307 0.1505011581681463 0.02138202693056964 0.03912544133885376 0.018027036844878275 5 ce
heritage fnnc 8 0.855396314711904 0.4037936414055865 0.17178123677428836 0.20800636422051025 0.16697356196232466 0.08086412904071416 0.08727535345329773 0 ce
heritage fnnc 8 0.7594618309447206 0.0588114520471676 0.015112638023119018 0.17676922442173096 0.0024494572467795637 0.04660019139646909 0.018219351225514657 1 ce
heritage fnnc 8 0.7441357121965487 0.030307489455479952 0.009092002836108115 0.18380828772000674 0.00882114746729392 0.04399758446223778 0.019755482084885756 2 ce
heritage fnnc 8 0.7367651360046797 0.018363799515514888 0.004738092281279194 0.1805712215161021 0.013685887799468149 0.04410990941196946 0.019937604071569304 3 ce
heritage fnnc 8 0.7358876864580287 0.019644438861860312 0.004301458468989772 0.16962339772622878 0.00529910192965223 0.044369994271695745 0.01719692298183073 4 ce
heritage fnnc 8 0.7310324656332261 0.016003396109244818 0.003635197769546572 0.14920703327462337 0.011814188785422591 0.033713220545255496 0.01744693465689018 5 ce
heritage fnnc 9 0.8573267037145365 0.3925803071603208 0.1708528646572569 0.21302058343081784 0.14477653816943212 0.08370232332639915 0.08198597782892048 0 ce
heritage fnnc 9 0.7545481134834747 0.045770669435564904 0.018078088221606947 0.19718589391161415 0.00024065183189731098 0.04940360637296415 0.014185726219841044 1 ce
heritage fnnc 9 0.7348932436384907 0.012801107271706325 0.001083940235258929 0.21006201717453526 0.011605098540303558 0.05542042686282311 0.023406147259290577 2 ce
heritage fnnc 9 0.7333723310909622 0.00844668106362706 0.0022242068581519447 0.19643321196116803 0.014394780422127544 0.05107137408639861 0.021130024757086474 3 ce
heritage fnnc 9 0.7334308277274056 0.013304988257025882 0.0029982923567803965 0.17740751701800594 0.011847562319105344 0.0482343718935736 0.01825803463882103 4 ce
heritage fnnc 9 0.7292190699034805 0.010460794363848995 0.0005762874908361582 0.1653548445859782 0.008363062006856943 0.04671448329941974 0.01842147056992438 5 ce
