heritage frc 7 0.7290435799941504 0.07354221234195499 0.023515874770106165 0.008516058639333645 0.012000608625085236 0.011853737876934875 0.0298860456640686 0.001 1
heritage frc 0 0.7034805498683826 0.02754953770183085 0.0036522672688594146 0.010576287167525478 0.01103698997829355 0.01699070689560808 0.022512572610026774 0.1 1
heritage frc 1 0.697747879496929 0.013579959321036839 0.008828326539469085 0.034044559588417116 0.021514214777997837 0.013794130792581304 0.02233188430116509 0.1 1
heritage frc 2 0.6999122550453349 0.020475232199770047 0.003349542250106371 0.02121922519874799 0.009227866339903293 0.013198566381688395 0.022372206207293736 0.1 1
heritage frc 3 0.7054694355074583 0.02554477917914035 0.004082499140839852 0.027581561077747258 0.012642754180379013 0.020875188385562696 0.025829318681998597 0.1 1
heritage frc 4 0.709037730330506 0.03307966641051811 0.0025806685523091 0.022918593444314544 0.01613142618433784 0.02590496645824939 0.028530751773375707 0.1 1
heritage frc 5 0.6970459198596081 0.021240215420188908 0.009654442229834227 0.010363828007044914 0.015357092781615865 0.003421007465380407 0.021135076699466057 0.1 1
heritage frc 6 0.6993857853173443 0.014107034215093035 0.004284093107517426 0.04345117747975785 0.018719054917160284 0.018980895353212075 0.02584684580349466 0.1 1
heritage frc 7 0.6917227259432582 0.009469336434050343 0.0014099588281206218 0.015907746186734333 0.008542697580202763 0.014768192810194015 0.017882112494513307 0.1 1
heritage frc 8 0.7025446036852881 0.027835927533971426 0.005989178041075762 0.022505419097048382 0.009277926640427642 0.018657003098342752 0.023478570505877653 0.1 1
heritage frc 9 0.6978063761333724 0.02710730915509934 0.002774219411842041 0.01057018640196966 0.009883833257631494 0.006863229606843077 0.025933860121506863 0.1 1
heritage frc 0 0.7262357414448669 0.04620217711026835 0.007393486802659326 0.05110733321400227 0.011057848436845354 0.035297506390361444 0.028559069054162837 0.01 1
heritage frc 1 0.7234863995320269 0.05101788294376612 0.019238202062158184 0.03881871367410415 0.010944959930865038 0.028156594243612505 0.021901121368420685 0.01 1
heritage frc 2 0.7195086282538754 0.04954609430986196 0.011067593980126276 0.011271164364330457 0.01292824116358755 0.018617510134868846 0.026651239961904775 0.01 1
heritage frc 3 0.7182801988885639 0.04736368410719376 0.008598100416075496 0.017992987853704925 0.010300201800964864 0.020992162897786493 0.030728991471232807 0.01 1
heritage frc 4 0.7303305059959052 0.057618792156177226 0.011648403189530974 0.02749203234321596 0.016444808722215667 0.028589126008121545 0.029047658846416323 0.01 1
heritage frc 5 0.7176367358876865 0.05001949059951166 0.012009077428268091 0.011039335273210289 0.012354401792763417 0.017620027195227796 0.028193679965777034 0.01 1
heritage frc 6 0.7284586136297163 0.06846296906142912 0.016410397747183364 0.01582935134934238 0.0011325510919109186 0.02477019153850686 0.02517241965875626 0.01 1
heritage frc 7 0.7148873939748465 0.03949702894822139 0.010952914061045253 0.01969266113754929 0.025695092637774683 0.026169298517668107 0.027811073466664123 0.01 1
heritage frc 8 0.7154138637028371 0.048207975052684565 0.009975719841903043 0.007079785908360712 0.00849524985428492 0.023189720916679868 0.02188351456848349 0.01 1
heritage frc 9 0.7216730038022814 0.05346660732901541 0.008530613023699167 0.012611655076077422 0.0073254063667814884 0.02826598065792983 0.0267745274571791 0.01 1
heritage frc 0 0.7396899678268499 0.0743899630702471 0.028447364313260566 0.04296342127357209 0.003879757567229522 0.034316046441774786 0.014262111621971768 0.001 1
heritage frc 1 0.7389880081895291 0.0756505119181798 0.02739951367566177 0.02833775096838797 0.0074896614605891865 0.02300497624264442 0.02573678821731782 0.001 1
heritage frc 2 0.7486984498391343 0.11887034140487067 0.0433504402630907 0.027553802594468404 0.021175001462155858 0.0025457563418183854 0.015459660602541652 0.001 1
heritage frc 3 0.7281661304474992 0.06151991257301952 0.012987213237027827 0.022620723566052887 0.005814284786730824 0.021916097109459 0.034203514608438255 0.001 1
heritage frc 4 0.7324948815443112 0.06405416635284181 0.014017634750082855 0.02194841920180431 0.013160802441864784 0.02421263372417031 0.03209959653324433 0.001 1
heritage frc 5 0.7296870429950277 0.06738215073292554 0.019580982240326443 0.004904405430303255 0.014061845713001167 0.018899907525425093 0.027866621079811988 0.001 1
heritage frc 6 0.7434337525592278 0.1017341559808366 0.038441777749329394 0.013286857303964983 0.015363329250031543 0.018555053848295366 0.013301797790037234 0.001 1
heritage frc 7 0.7290435799941504 0.07354221234195499 0.023515874770106165 0.008516058639333645 0.012000608625085236 0.011853737876934875 0.0298860456640686 0.001 1
heritage frc 8 0.7334308277274056 0.07775950939050616 0.022383799555583048 0.0038146561828994448 0.005663851055357551 0.018019530424575103 0.02257261544503486 0.001 1
heritage frc 9 0.7312079555425564 0.07046876700384534 0.015535456764349694 0.0016247863866469773 0.003262894991998529 0.025990226793142102 0.025958079748406394 0.001 1
heritage frc 0 0.7407429072828312 0.07822320937900026 0.02308275577111682 0.02226886191262242 0.00570843337686822 0.02623897118908715 0.025661659204565992 0.0001 1
heritage frc 1 0.7332553378180755 0.0656603222595743 0.023818427247712708 0.03155193930145836 0.013532588663687593 0.028138544002225638 0.02594530278810843 0.0001 1
heritage frc 2 0.7532611874817198 0.12399460640837318 0.05004216101015721 0.03337561064522426 0.016134797248346124 0.006937258084626686 0.012977787863596102 0.0001 1
heritage frc 3 0.7360046797309154 0.07360108804499006 0.01572295277437573 0.020302737693128757 0.0003428372096509296 0.023276991861741245 0.03257506446056357 0.0001 1
heritage frc 4 0.7401579409183972 0.08844576874171567 0.03466966198006718 0.014098411642024558 0.008626131414409866 0.006840292735155056 0.01959131193830572 0.0001 1
heritage frc 5 0.7490494296577946 0.12178760650476525 0.04872194476468196 0.047974285062823974 0.007332949122500198 0.006250327773294579 0.019209059813586685 0.0001 1
heritage frc 6 0.7475285171102661 0.10025613082857812 0.03550087173207184 0.013425954758637126 0.009268782629304976 0.015532465671585545 0.021867158577324644 0.0001 1
heritage frc 7 0.7482889733840304 0.09901185632377946 0.034434492425932224 0.0076505125261052825 0.00324882079976355 0.011822728023631603 0.027628717627915397 0.0001 1
heritage frc 8 0.7407429072828312 0.08751455260944875 0.03122489604795942 0.0052131041674264265 0.006801627296481485 0.015048381680475141 0.02089546303860925 0.0001 1
heritage frc 9 0.7500438724773325 0.10382791852975463 0.036922802975516394 0.0002760596413997398 0.011185063964861092 0.02197901372157582 0.015246362989052072 0.0001 1
heritage frc 0 0.8253875402164376 0.4075112299965742 0.3269492911597406 0.33374573515079764 0.1743159079257482 0.23963575649561641 0.16118128285305422 0.0 0
heritage frc 1 0.8181339572974554 0.37924205747207196 0.30794988601400586 0.3113356405155585 0.15439599573220733 0.22976316659295357 0.15011852143013688 0.0 0
heritage frc 2 0.8198888563907575 0.4046199355409692 0.3242245928735185 0.3383620319277285 0.17836173253368975 0.24061756841666412 0.16449692234260266 0.0 0
heritage frc 3 0.8228136882129278 0.3919493496891061 0.3230932625170717 0.3126646922918883 0.16490398149098798 0.23887752510104784 0.1592210647248954 0.0 0
heritage frc 4 0.8239836209417959 0.3945739884385058 0.32303943330204976 0.29676426702382086 0.17249426921222696 0.22474125190603933 0.1650192692941287 0.0 0
heritage frc 5 0.8252705469435507 0.39979487492994004 0.32672336816693637 0.30654562443942635 0.1762350546657115 0.23032645218952263 0.16921742974099624 0.0 0
heritage frc 6 0.8233986545773618 0.3965853250031747 0.32135554733881116 0.3161145226945513 0.16674517237575784 0.22967607140033094 0.16153527289554764 0.0 0
heritage frc 7 0.8112898508335771 0.3890417808903671 0.31064042937418856 0.34421053082779096 0.16763370057176305 0.2430557724860407 0.1579109952095402 0.0 0
heritage frc 8 0.824159110851126 0.3813365030682384 0.31200985451717855 0.2882808474802109 0.1542692858637929 0.21590878733079855 0.14904658364170598 0.0 0
heritage frc 9 0.8210002924831822 0.3995829372478669 0.324997480714787 0.3042238255880299 0.18625002231326848 0.22301328274931714 0.1735337026261239 0.0 0
heritage frc 0 0.7431997660134543 0.09430592806217028 0.03385830246322412 0.026587593849569425 0.013359189558757228 0.024345147774001256 0.015479597890167004 0.0 1
heritage frc 1 0.7403919274641708 0.0806092419059358 0.03235216901693155 0.03039279384585739 0.005273818949589445 0.02754055274915195 0.019315848222995903 0.0 1
heritage frc 2 0.7495174027493419 0.11465824145494809 0.04378728630875378 0.02306485929851474 0.015764317313826676 0.0023465564051096724 0.014137501895728558 0.0 1
heritage frc 3 0.7388125182801989 0.08100784452189377 0.022042740437509173 0.00014108020347773035 0.007619236733410768 0.015154956186521273 0.033688225388432365 0.0 1
heritage frc 4 0.740274934191284 0.08785220068292027 0.0352662925949299 0.00795616088045062 0.010733257111139722 0.007786859791012754 0.02367475174409989 0.0 1
heritage frc 5 0.7404504241006142 0.09061570590767531 0.040769454691050644 0.014835994197720137 4.27703746060842e-05 0.0188854049922857 0.010404908143490838 0.0 1
heritage frc 6 0.7483474700204739 0.10399275564939958 0.036645862500632495 0.0022543853920050107 0.005711804440876503 0.011207903021990356 0.02024756375695589 0.0 1
heritage frc 7 0.7364726528224627 0.07463826559386687 0.020738109391666315 0.012885426930393733 0.011152491058880264 0.02338856851033813 0.031424301125877865 0.0 1
heritage frc 8 0.7401579409183972 0.08150409319665597 0.025446858650064262 0.017366439231124832 0.009649712862250342 0.023156453850982257 0.026853161282624903 0.0 1
heritage frc 9 0.7511553085697572 0.11208970167303046 0.039425517614759584 0.01683368987896507 0.011828515807458126 0.01461524730754974 0.017369193770966785 0.0 1
heritage frc 0 0.8262064931266452 0.41037031728953516 0.33126915168329324 0.31883424397932447 0.1832793985707954 0.23654950507265837 0.1679725393042505 0.001 0
heritage frc 1 0.820824802573852 0.38678422064152973 0.30986858689407615 0.3196529667169121 0.1572440812979763 0.22829272394355563 0.15139935179731015 0.001 0
heritage frc 2 0.8214682655747294 0.40574403827662214 0.3280864212864566 0.32667235504627046 0.18185744163376608 0.23918714526315218 0.17032192804369417 0.001 0
heritage frc 3 0.8236911377595788 0.4003725101692255 0.3255032412190284 0.30572278368508865 0.17967366636914595 0.23312568914600273 0.16555959611640525 0.001 0
heritage frc 4 0.8212927756653993 0.38569162717241917 0.3137275885652543 0.30297606651273096 0.1584167901898869 0.22121942063364564 0.15736472549912459 0.001 0
heritage frc 5 0.8226966949400409 0.406900348174919 0.32943884608825946 0.31808857790926753 0.18585451222848667 0.2347251737665363 0.17285110574123883 0.001 0
heritage frc 6 0.8225797016671541 0.39483856530525957 0.3215249999030025 0.2988116839443456 0.17490226237170348 0.22959023258858507 0.1633824471539778 0.001 0
heritage frc 7 0.8130447499268793 0.4023793475313675 0.3183345479073566 0.3614593778028278 0.1758882985941509 0.254291752529615 0.1633016738479533 0.001 0
heritage frc 8 0.827200935946183 0.39340694281932764 0.3228936290311817 0.29993590251713975 0.16303358876424578 0.22876612841231958 0.1586835711612662 0.001 0
heritage frc 9 0.8174319976601345 0.4043962227182891 0.32200269241647617 0.3286308533088194 0.1879366077749544 0.23316284122506947 0.17171232417799223 0.001 0
heritage frc 0 0.7419128400116993 0.08528989741935691 0.027356577311628716 0.012020033336304223 0.0005011086648438371 0.019382902218004167 0.022169403131646004 0.001 0.1
heritage frc 0 0.7347177537291606 0.08965541572079486 0.02636793363674761 0.04997091311009663 0.006885313960489143 0.000993340560971408 0.026111290405116856 0 0.1
heritage frc 1 0.745481134834747 0.1083004376675282 0.04415996422798729 0.008960651929212164 0.01771135960845926 0.007911588440455317 0.010099331700601202 0 0.1
heritage frc 2 0.7437262357414449 0.0983272202481583 0.03284098417220951 0.017718148365416395 0.0037243515164437887 0.010779208202726959 0.018470017236874397 0 0.1
heritage frc 3 0.7608657502193624 0.12246532301478381 0.050330441452395305 0.0045609323295119925 0.010597403231602538 0.009310319192671739 0.01714649669611603 0 0.1
heritage frc 4 0.7382275519157648 0.11047730924794368 0.04029761834045893 0.05281829291412485 0.012719909407870513 0.0018317942079092956 0.008291564100136223 0 0.1
heritage frc 5 0.7448376718338695 0.12225650359188794 0.060623371336676966 0.05630305019959474 0.012694879257608392 0.014922014353601593 0.0016135370358910037 0 0.1
heritage frc 6 0.7487569464755777 0.10368627531884629 0.03594008070287355 0.008515906120194738 0.009044564734448375 0.01972374663421416 0.017540259617493757 0 0.1
heritage frc 0 0.822404211757824 0.4021622127506658 0.32217760440548804 0.3322699599628508 0.1721237892777074 0.23881756353582823 0.15872242985171947 0 0.01
heritage frc 0 0.7713366481427318 0.31778792531883693 0.18712509206827305 0.32117007459149927 0.1396208328750358 0.18189870812394798 0.08693482877589338 1 0.0
heritage frc 1 0.772097104416496 0.3218376085121901 0.18571924368826387 0.3334393242007577 0.13720449633213852 0.1810247121013413 0.08693580490137982 1 0.0
heritage frc 2 0.7619186896753437 0.291933532701113 0.1673452023558218 0.3012516851283856 0.12516035884304522 0.16209185566262563 0.07980650208307495 1 0.0
heritage frc 3 0.7742029833284586 0.3094703847317032 0.17975929992945638 0.2993011178610593 0.1297075449456313 0.17296115756493569 0.08063703195366739 1 0.0
heritage frc 4 0.7718631178707225 0.31423310985689606 0.180736075684159 0.32514136793004383 0.12838726772675438 0.1746617649312649 0.08465917393142088 1 0.0
heritage frc 5 0.7761333723310909 0.31721132949927716 0.1885586991284673 0.322931670645735 0.13072278301005102 0.18125119054194766 0.08982941193421805 1 0.0
heritage frc 6 0.7646680315881836 0.28793544927271475 0.16316301948861847 0.2946225932754593 0.11866613044582666 0.15948418510502563 0.07423805786472956 1 0.0
heritage frc 7 0.7701667154138637 0.30996837072229266 0.17636408706797807 0.31435170648720445 0.12947498366735408 0.1678420528413442 0.08089054506649193 1 0.0
heritage frc 8 0.7718046212342791 0.3134123691926192 0.18056505525988642 0.320042043040233 0.13157376598066317 0.17714784617190452 0.08186146945148376 1 0.0
heritage frc 9 0.774261479964902 0.32504611901922975 0.1880647335876691 0.32727770350854424 0.14312905705024315 0.1809383635326371 0.087985218180879 1 0.0
