

compas_multi cfair 0 0.7941653160453809 0.11703130317893251 0.11703130317893251 0.06658675513593876 0.056956011045181124 0.06658675513593876 0.056956011045181124 0.0 0
compas_multi cfair 1 0.7763371150729336 0.14719999902346348 0.14719999902346348 0.04926792921811228 0.09716153995348567 0.04926792921811228 0.09716153995348567 0.0 0
compas_multi cfair 2 0.7909238249594813 0.12655424508827423 0.12655424508827423 0.0632171753410764 0.06504508589188866 0.0632171753410764 0.06504508589188865 0.0 0
compas_multi cfair 3 0.7876823338735819 0.12147273183848467 0.12147273183848467 0.06298171186931889 0.05913138399266507 0.06298171186931889 0.05913138399266503 0.0 0
compas_multi cfair 4 0.7893030794165316 0.11444791033571239 0.11444791033571239 0.06995633493080097 0.056956011045181124 0.06995633493080097 0.056956011045181124 0.0 0
compas_multi cfair 5 0.7844408427876823 0.14097869484724354 0.14097869484724354 0.031248570756487227 0.07016193365343643 0.031248570756487227 0.07016193365343637 0.0 0
compas_multi cfair 6 0.7893030794165316 0.11444791033571239 0.11444791033571239 0.06995633493080097 0.056956011045181124 0.06995633493080097 0.056956011045181124 0.0 0
compas_multi cfair 7 0.7876823338735819 0.12147273183848467 0.12147273183848467 0.06298171186931889 0.05913138399266507 0.06298171186931889 0.05913138399266503 0.0 0
compas_multi cfair 8 0.7828200972447326 0.11321091868892025 0.11321091868892025 0.06298171186931889 0.04809760354794204 0.06298171186931889 0.048097603547942056 0.0 0
compas_multi cfair 9 0.7811993517017828 0.17261315230117566 0.17261315230117566 0.027950044179838443 0.11544786839336003 0.027950044179838443 0.11544786839336008 0.0 0
compas_multi cfair 0 0.7763371150729336 0.12829130066878303 0.12829130066878303 0.04212800503442086 0.05991880899600716 0.04212800503442086 0.05991880899600721 5.0 0
compas_multi cfair 1 0.7779578606158833 0.11663442761624732 0.11663442761624732 0.043699240839641385 0.03375086912018868 0.043699240839641385 0.03375086912018867 5.0 0
compas_multi cfair 2 0.766612641815235 0.1352075615627299 0.1352075615627299 0.06418805047155896 0.04816743783621533 0.06418805047155896 0.04816743783621531 5.0 0
compas_multi cfair 3 0.7893030794165316 0.10997490402165647 0.10997490402165647 0.05163326995368095 0.05396847924972775 0.05163326995368095 0.053968479249727745 5.0 0
compas_multi cfair 4 0.7925445705024311 0.1224001688282096 0.1224001688282096 0.03636953747623023 0.041144582032382734 0.03636953747623023 0.04114458203238272 5.0 0
compas_multi cfair 5 0.7893030794165316 0.12905976347139403 0.12905976347139403 0.04849555632158245 0.047340129193949976 0.04849555632158245 0.04734012919394992 5.0 0
compas_multi cfair 6 0.7763371150729336 0.1312753945753415 0.1312753945753415 0.04580184279785275 0.05955067881635795 0.04580184279785275 0.05955067881635793 5.0 0
compas_multi cfair 7 0.7828200972447326 0.10834838647034681 0.10834838647034681 0.05452266630090667 0.04848226987320788 0.05452266630090667 0.048482269873207834 5.0 0
compas_multi cfair 8 0.7909238249594813 0.0743863534831466 0.0743863534831466 0.06534705260488764 0.014586727464323731 0.06534705260488764 0.014586727464323731 5.0 0
compas_multi cfair 9 0.7423014586709886 0.06706740480124326 0.06706740480124326 0.03363068701621786 0.028810158230558408 0.03363068701621786 0.028810158230558398 5.0 0
compas_multi cfair 0 0.7893030794165316 0.05224544220133896 0.05224544220133896 0.08001194564724579 0.033074520169241686 0.08001194564724579 0.0330745201692417 10.0 0
compas_multi cfair 1 0.7568881685575365 0.1360311347098805 0.1360311347098805 0.057648486962605466 0.06531731944165022 0.057648486962605466 0.06531731944165024 10.0 0
compas_multi cfair 2 0.7147487844408428 0.09394486915906197 0.09394486915906197 0.09520089430126098 0.0381560805992613 0.09520089430126098 0.03815608059926126 10.0 0
compas_multi cfair 3 0.7811993517017828 0.07660451946677888 0.07660451946677888 0.07640690238062604 0.02407570556517595 0.07640690238062604 0.024075705565175926 10.0 0
compas_multi cfair 4 0.7828200972447326 0.041704489676421215 0.041704489676421215 0.10791043789317403 0.03301429795632309 0.10791043789317403 0.03301429795632309 10.0 0
compas_multi cfair 5 0.7341977309562399 0.0706284947199399 0.0706284947199399 0.08159555650023234 0.015898050282820438 0.08159555650023234 0.015898050282820382 10.0 0
compas_multi cfair 6 0.7568881685575365 0.0931137848137252 0.0931137848137252 0.035222348020687105 0.03088730503844149 0.035222348020687105 0.030887305038441483 10.0 0
compas_multi cfair 7 0.7747163695299838 0.10102670947625808 0.10102670947625808 0.029119143812208145 0.02893403240997476 0.029119143812208145 0.028934032409974726 10.0 0
compas_multi cfair 8 0.7277147487844409 0.05388669827908536 0.05388669827908536 0.02267610123455855 0.0254564956040845 0.02267610123455855 0.02545649560408446 10.0 0
compas_multi cfair 9 0.7860615883306321 0.07654552349543159 0.07654552349543159 0.04600003415894861 0.017936763917103225 0.04600003415894861 0.017936763917103242 10.0 0
compas_multi cfair 0 0.7147487844408428 0.0599326093468341 0.0599326093468341 0.07384997033732037 0.02540908475202989 0.07384997033732037 0.02540908475202988 20.0 0
compas_multi cfair 1 0.7098865478119936 0.09141285637426194 0.09141285637426194 0.08605643506922239 0.038745211656282405 0.08605643506922239 0.038745211656282405 20.0 0
compas_multi cfair 2 0.773095623987034 0.08799282673191662 0.08799282673191662 0.07632986783246992 0.016619211379449036 0.07632986783246992 0.01661921137944906 20.0 0
compas_multi cfair 3 0.7244732576985413 0.09509397981592033 0.09509397981592033 0.15080628748538044 0.019537069571479618 0.15080628748538044 0.019537069571479635 20.0 0
compas_multi cfair 4 0.7212317666126418 0.058170467984347794 0.058170467984347794 0.08442963666542216 0.017209123078563576 0.08442963666542216 0.01720912307856362 20.0 0
compas_multi cfair 5 0.7682333873581848 0.03977973261245085 0.03977973261245085 0.11814870779672842 0.020114080721179223 0.11814870779672842 0.02011408072117931 20.0 0
compas_multi cfair 6 0.7520259319286872 0.04312959998295652 0.04312959998295652 0.07049585673489203 0.02411300922236971 0.07049585673489203 0.02411300922236974 20.0 0
compas_multi cfair 7 0.7163695299837926 0.06836020406850357 0.06836020406850357 0.06434334933420599 0.026953325338127027 0.06434334933420599 0.02695332533812702 20.0 0
compas_multi cfair 8 0.7147487844408428 0.08012096525802948 0.08012096525802948 0.1118479454637138 0.021872000544408084 0.1118479454637138 0.021872000544408084 20.0 0
compas_multi cfair 9 0.7455429497568882 0.06095717005894987 0.06095717005894987 0.08158835125059122 0.023790713741972218 0.08158835125059122 0.02379071374197224 20.0 0
compas_multi cfair 0 0.6920583468395461 0.06371310450370182 0.06371310450370182 0.09067935630338846 0.024969774125191684 0.09067935630338846 0.024969774125191684 30.0 0
compas_multi cfair 1 0.7747163695299838 0.11562513271357344 0.11562513271357344 0.08810445468692513 0.03937519854692686 0.08810445468692513 0.03937519854692686 30.0 0
compas_multi cfair 2 0.7649918962722853 0.10947509749786828 0.10947509749786828 0.07674371727138665 0.049488098859655195 0.07674371727138665 0.04948809885965515 30.0 0
compas_multi cfair 3 0.6823338735818476 0.05686516017636703 0.05686516017636703 0.08106005687055987 0.01849624400467289 0.08106005687055987 0.018496244004672813 30.0 0
compas_multi cfair 4 0.6952998379254457 0.015094685768831655 0.015094685768831655 0.03958594751611945 0.004183320586365106 0.03958594751611945 0.004183320586365111 30.0 0
compas_multi cfair 5 0.6936790923824959 0.05263821590701767 0.05263821590701767 0.06753786552709018 0.035326261042233124 0.06753786552709018 0.0353262610422331 30.0 0
compas_multi cfair 6 0.7714748784440842 0.06890726941836135 0.06890726941836135 0.060676717833575554 0.028266521895423363 0.060676717833575554 0.02826652189542337 30.0 0
compas_multi cfair 7 0.7212317666126418 0.0971162064665192 0.0971162064665192 0.1402266211572786 0.025608808994842764 0.1402266211572786 0.02560880899484279 30.0 0
compas_multi cfair 8 0.6969205834683955 0.060724258164396236 0.060724258164396236 0.08442038016130043 0.021454908983028112 0.08442038016130043 0.02145490898302811 30.0 0
compas_multi cfair 9 0.7844408427876823 0.10583078124993389 0.10583078124993389 0.08175034463417694 0.016382283298087153 0.08175034463417694 0.01638228329808717 30.0 0

compas_multi cfair 0 0.7163695299837926 0.09995010017686923 0.09995010017686923 0.16186613726111881 0.022993099624111443 0.16186613726111881 0.022993099624111456 50.0 0
compas_multi cfair 1 0.7601296596434359 0.06821023988326139 0.06821023988326139 0.057253961056775646 0.028559358545525458 0.057253961056775646 0.02855935854552547 50.0 0
compas_multi cfair 2 0.6661264181523501 0.02119753432834926 0.02119753432834926 0.03422705298734232 0.028750595439201145 0.03422705298734232 0.028750595439201145 50.0 0
compas_multi cfair 3 0.7163695299837926 0.10772222498990992 0.10772222498990992 0.17221034011746322 0.02924422084566506 0.17221034011746322 0.029244220845665046 50.0 0
compas_multi cfair 4 0.706645056726094 0.033750677254140334 0.033750677254140334 0.04618694156314959 0.028961944106826554 0.04618694156314959 0.028961944106826544 50.0 0
compas_multi cfair 5 0.6855753646677472 0.013329362930668932 0.013329362930668932 0.024310491570545458 0.004302280769640887 0.024310491570545458 0.004302280769640905 50.0 0
compas_multi cfair 6 0.6969205834683955 0.031232070451719378 0.031232070451719378 0.03641029136158137 0.03012253870177018 0.03641029136158137 0.030122538701770205 50.0 0
compas_multi cfair 7 0.7034035656401945 0.04274436379349794 0.04274436379349794 0.055114441346921436 0.019441487452870047 0.055114441346921436 0.019441487452870044 50.0 0
compas_multi cfair 8 0.6839546191247974 0.017203382428107206 0.017203382428107206 0.018483338308274908 0.009376681832330407 0.018483338308274908 0.009376681832330376 50.0 0
compas_multi cfair 9 0.7277147487844409 0.07796255969849725 0.07796255969849725 0.12267233176769476 0.023460244300117193 0.12267233176769476 0.023460244300117204 50.0 0
compas_multi cfair 0 0.6807131280388979 0.037842939884531315 0.037842939884531315 0.0370002369448452 0.021872000544408084 0.0370002369448452 0.021872000544408084 100.0 0
compas_multi cfair 1 0.7568881685575365 0.10982329048263653 0.10982329048263653 0.08169457980459842 0.04107171882190386 0.08169457980459842 0.04107171882190387 100.0 0
compas_multi cfair 2 0.6564019448946515 0.041093116034116306 0.041093116034116306 0.11255433587898611 0.0216761798003816 0.11255433587898611 0.02167617980038162 100.0 0
compas_multi cfair 3 0.6385737439222042 0.0598136914113683 0.0598136914113683 0.1341499798188059 0.03593624072952328 0.1341499798188059 0.035936240729523276 100.0 0
compas_multi cfair 4 0.6839546191247974 0.008739711022371323 0.008739711022371323 0.03918533369574075 0.004183320586365106 0.03918533369574075 0.004183320586365111 100.0 0
compas_multi cfair 5 0.7277147487844409 0.06549162726312602 0.06549162726312602 0.039448746917584175 0.02039644785743719 0.039448746917584175 0.020396447857437192 100.0 0
compas_multi cfair 6 0.7147487844408428 0.0569986842372528 0.0569986842372528 0.05993382155071056 0.014009432043826384 0.05993382155071056 0.014009432043826315 100.0 0
compas_multi cfair 7 0.7228525121555915 0.07260804615657165 0.07260804615657165 0.11593317217797014 0.01915796353047632 0.11593317217797014 0.019157963530476302 100.0 0
compas_multi cfair 8 0.7082658022690438 0.02402548327143788 0.02402548327143788 0.024801568339900125 0.02825311051238978 0.024801568339900125 0.028253110512389816 100.0 0
compas_multi cfair 9 0.7147487844408428 0.06594259279738847 0.06594259279738847 0.09837888278838627 0.02658580491089403 0.09837888278838627 0.026585804910893997 100.0 0
