compas_M fair-scale 0 0.7552674230145867 0.06569413525731038 0.06569413586928416 0.04159071827912331 0.027639757567085404 0.04159072432457267 0.02763975819547075 0 0
compas_M fair-scale 1 0.7260940032414911 0.06058807818068454 0.06058807994687446 0.09140425789883724 0.01641198209215185 0.09140425653151285 0.01641198258641567 0 0
compas_M fair-scale 2 0.6969205834683955 0.06427031747775117 0.06427031798534608 0.03593180568377659 0.042047480284581995 0.03593180666297113 0.04204747981237554 0 0
compas_M fair-scale 3 0.7341977309562399 0.09119520892371094 0.09119520778865611 0.09543635642209095 0.025323368161986992 0.09543635767570946 0.0253233668853165 0 0
compas_M fair-scale 4 0.7536466774716369 0.11348031143295971 0.1134803195454272 0.05552509491265163 0.042749456437359924 0.05552508636940057 0.04274945512337103 0 0
compas_M fair-scale 5 0.6434359805510534 0.14377760711698775 0.14377760305811732 0.18273687527816734 0.09620668835377197 0.18273687424293128 0.09620668230408308 0 0
compas_M fair-scale 6 0.7260940032414911 0.10848757836966041 0.10848757963077202 0.12116501215832981 0.03581422514661963 0.12116500481748405 0.03581422513027524 0 0
compas_M fair-scale 7 0.6628849270664505 0.10353320198985588 0.1035332003978941 0.11659568893741921 0.06427210838484537 0.11659568531852693 0.06427210641627151 0 0
compas_M fair-scale 8 0.7747163695299838 0.11413835393214665 0.11413835262421917 0.04849555516407781 0.02899139302468216 0.04849553654202032 0.028991390870709455 0 0
compas_M fair-scale 9 0.7763371150729336 0.0675243660899007 0.06752436581609286 0.06675736634758535 0.015930759930189924 0.06675736882179206 0.015930760223805962 0 0
compas_M fair-scale 0 0.7552674230145867 0.06569413525731038 0.06569413586928416 0.04159071827912331 0.027639757567085404 0.04159072432457267 0.02763975819547075 0.001 0
compas_M fair-scale 1 0.7260940032414911 0.06058807818068454 0.06058807994687446 0.09140425789883724 0.01641198209215185 0.09140425653151285 0.01641198258641567 0.001 0
compas_M fair-scale 2 0.6969205834683955 0.06427031747775117 0.06427031798534608 0.03593180568377659 0.042047480284581995 0.03593180666297113 0.04204747981237554 0.001 0
compas_M fair-scale 3 0.7341977309562399 0.09119520892371094 0.09119520778865611 0.09543635642209095 0.025323368161986992 0.09543635767570946 0.0253233668853165 0.001 0
compas_M fair-scale 4 0.7536466774716369 0.11348031143295971 0.1134803195454272 0.05552509491265163 0.042749456437359924 0.05552508636940057 0.04274945512337103 0.001 0
compas_M fair-scale 5 0.6434359805510534 0.14377760711698775 0.14377760305811732 0.18273687527816734 0.09620668835377197 0.18273687424293128 0.09620668230408308 0.001 0
compas_M fair-scale 6 0.7260940032414911 0.10848757836966041 0.10848757963077202 0.12116501215832981 0.03581422514661963 0.12116500481748405 0.03581422513027524 0.001 0
compas_M fair-scale 7 0.6628849270664505 0.10353320198985588 0.1035332003978941 0.11659568893741921 0.06427210838484537 0.11659568531852693 0.06427210641627151 0.001 0
compas_M fair-scale 8 0.7747163695299838 0.11413835393214665 0.11413835262421917 0.04849555516407781 0.02899139302468216 0.04849553654202032 0.028991390870709455 0.001 0
compas_M fair-scale 9 0.7763371150729336 0.0675243660899007 0.06752436581609286 0.06675736634758535 0.015930759930189924 0.06675736882179206 0.015930760223805962 0.001 0
compas_M fair-scale 0 0.7552674230145867 0.06569413525731038 0.06569413586928416 0.04159071827912331 0.027639757567085404 0.04159072432457267 0.02763975819547075 0.01 0
compas_M fair-scale 1 0.7260940032414911 0.06058807818068454 0.06058807994687446 0.09140425789883724 0.01641198209215185 0.09140425653151285 0.01641198258641567 0.01 0
compas_M fair-scale 2 0.6969205834683955 0.06427031747775117 0.06427031798534608 0.03593180568377659 0.042047480284581995 0.03593180666297113 0.04204747981237554 0.01 0
compas_M fair-scale 3 0.7341977309562399 0.09119520892371094 0.09119520778865611 0.09543635642209095 0.025323368161986992 0.09543635767570946 0.0253233668853165 0.01 0
compas_M fair-scale 4 0.7536466774716369 0.11348031143295971 0.1134803195454272 0.05552509491265163 0.042749456437359924 0.05552508636940057 0.04274945512337103 0.01 0
compas_M fair-scale 5 0.6434359805510534 0.14377760711698775 0.14377760305811732 0.18273687527816734 0.09620668835377197 0.18273687424293128 0.09620668230408308 0.01 0
compas_M fair-scale 6 0.7260940032414911 0.10848757836966041 0.10848757963077202 0.12116501215832981 0.03581422514661963 0.12116500481748405 0.03581422513027524 0.01 0
compas_M fair-scale 7 0.6628849270664505 0.10353320198985588 0.1035332003978941 0.11659568893741921 0.06427210838484537 0.11659568531852693 0.06427210641627151 0.01 0
compas_M fair-scale 8 0.7747163695299838 0.11413835393214665 0.11413835262421917 0.04849555516407781 0.02899139302468216 0.04849553654202032 0.028991390870709455 0.01 0
compas_M fair-scale 9 0.7763371150729336 0.0675243660899007 0.06752436581609286 0.06675736634758535 0.015930759930189924 0.06675736882179206 0.015930760223805962 0.01 0
compas_M fair-scale 0 0.7374392220421394 0.06710808368173467 0.06710808377181773 0.044625181530044404 0.030753732457369867 0.044625180360893135 0.03075373210735377 0.1 0
compas_M fair-scale 1 0.7260940032414911 0.06058807818068454 0.06058807994687446 0.09140425789883724 0.01641198209215185 0.09140425653151285 0.01641198258641567 0.1 0
compas_M fair-scale 2 0.6936790923824959 0.06368293705205966 0.06368293665167443 0.04154761342252428 0.042047480284581995 0.041547606119405445 0.04204747981237554 0.1 0
compas_M fair-scale 3 0.7341977309562399 0.09119520892371094 0.09119520778865611 0.09543635642209095 0.025323368161986992 0.09543635767570946 0.0253233668853165 0.1 0
compas_M fair-scale 4 0.7536466774716369 0.11348031143295971 0.1134803195454272 0.05552509491265163 0.042749456437359924 0.05552508636940057 0.04274945512337103 0.1 0
compas_M fair-scale 5 0.6418152350081038 0.1407726154330144 0.14077261025075744 0.17576225231467535 0.09620668835377197 0.17576225562199965 0.09620668230408308 0.1 0
compas_M fair-scale 6 0.7260940032414911 0.10848757836966041 0.10848757963077202 0.12116501215832981 0.03581422514661963 0.12116500481748405 0.03581422513027524 0.1 0
compas_M fair-scale 7 0.6628849270664505 0.10353320198985588 0.1035332003978941 0.11659568893741921 0.06427210838484537 0.11659568531852693 0.06427210641627151 0.1 0
compas_M fair-scale 8 0.7747163695299838 0.11413835393214665 0.11413835262421917 0.04849555516407781 0.02899139302468216 0.04849553654202032 0.028991390870709455 0.1 0
compas_M fair-scale 9 0.7763371150729336 0.0675243660899007 0.06752436581609286 0.06675736634758535 0.015930759930189924 0.06675736882179206 0.015930760223805962 0.1 0
compas_M fair-scale 0 0.7374392220421394 0.09274832915014286 0.09274832849728942 0.10247336373879531 0.039860166868881636 0.10247335074815644 0.03986016684546079 1 0
compas_M fair-scale 1 0.7277147487844409 0.05513530871603066 0.0551353073833826 0.06064068669744051 0.01863218582042247 0.06064068167193526 0.0186321871712834 1 0
compas_M fair-scale 2 0.713128038897893 0.11190285564420055 0.11190285201176567 0.126459708154232 0.05343845004034724 0.12645970551286867 0.053438450134464174 1 0
compas_M fair-scale 3 0.7358184764991896 0.0842186059084642 0.08421860226760206 0.07597974757487459 0.025323368161986992 0.07597975053725425 0.0253233668853165 1 0
compas_M fair-scale 4 0.7552674230145867 0.11614897668479028 0.1161489763488161 0.06173371237344823 0.042749456437359924 0.06173369544519036 0.04274945512337103 1 0
compas_M fair-scale 5 0.6547811993517018 0.14270585472761443 0.14270585054644597 0.17841618494314387 0.09141239457113481 0.1784161884101101 0.09141240296492598 1 0
compas_M fair-scale 6 0.7260940032414911 0.08213304210160145 0.0821330425437011 0.06417754106509775 0.034258399000008 0.06417753728569597 0.034258402894994974 1 0
compas_M fair-scale 7 0.6612641815235009 0.11105926239767702 0.1110592662443575 0.16380442016222602 0.057126757337385176 0.16380442122261368 0.05712675832423353 1 0
compas_M fair-scale 8 0.7779578606158833 0.11413835393214665 0.11413835262421917 0.054464795905281985 0.023615425506827055 0.05446476690136692 0.023615428209435074 1 0
compas_M fair-scale 9 0.7763371150729336 0.0675243660899007 0.06752436581609286 0.06675736634758535 0.015930759930189924 0.06675736882179206 0.015930760223805962 1 0
compas_M fair-scale 0 0.7536466774716369 0.09163714150129856 0.09163713801232715 0.0682720239415638 0.021633389791871786 0.06827202551237577 0.021633390473466657 10 0
compas_M fair-scale 1 0.7585089141004863 0.0550836005928642 0.05508360243180266 0.0582640584593922 0.024918674858664974 0.058264071828846076 0.02491867685965063 10 0
compas_M fair-scale 2 0.7293354943273906 0.12813961810200786 0.12813961957921358 0.16229318980369045 0.043563455605022894 0.1622931782482896 0.04356345881075388 10 0
compas_M fair-scale 3 0.7617504051863857 0.09221976954289483 0.09221976466234058 0.06153286460292395 0.024881717358379102 0.06153286007520398 0.02488171768949747 10 0
compas_M fair-scale 4 0.7552674230145867 0.11614897668479028 0.1161489763488161 0.06173371237344823 0.042749456437359924 0.06173369544519036 0.04274945512337103 10 0
compas_M fair-scale 5 0.6952998379254457 0.1340492211119765 0.13404922227299942 0.16712087164462838 0.06638525976933729 0.16712087376463924 0.06638525965810438 10 0
compas_M fair-scale 6 0.7260940032414911 0.08154566167590993 0.08154566401154437 0.057202918101605715 0.03308167884882484 0.057202921466279144 0.033081682330037374 10 0
compas_M fair-scale 7 0.6904376012965965 0.14830080012089913 0.1483007967415994 0.1834617784853135 0.07174572495835946 0.18346176813439896 0.07174573073992702 10 0
compas_M fair-scale 8 0.7828200972447326 0.10728407742059934 0.10728406981157707 0.04252631442287355 0.02109932567534306 0.04252630009662428 0.02109932848998841 10 0
compas_M fair-scale 9 0.779578606158833 0.06719312533908425 0.06719312632374624 0.04536715906203644 0.018150963658460553 0.04536717453141903 0.018150961847158503 10 0
compas_M fair-scale 0 0.7536466774716369 0.09163714150129856 0.09163713801232715 0.0682720239415638 0.021633389791871786 0.06827202551237577 0.021633390473466657 100 0
compas_M fair-scale 1 0.7585089141004863 0.0550836005928642 0.05508360243180266 0.0582640584593922 0.024918674858664974 0.058264071828846076 0.02491867685965063 100 0
compas_M fair-scale 2 0.7293354943273906 0.12813961810200786 0.12813961957921358 0.16229318980369045 0.043563455605022894 0.1622931782482896 0.04356345881075388 100 0
compas_M fair-scale 3 0.7633711507293355 0.09522476122686818 0.09522476051272519 0.06850748756641599 0.024881717358379102 0.0685074758946208 0.02488171768949747 100 0
compas_M fair-scale 4 0.7552674230145867 0.11614897668479028 0.1161489763488161 0.06173371237344823 0.042749456437359924 0.06173369544519036 0.04274945512337103 100 0
compas_M fair-scale 5 0.6952998379254457 0.1340492211119765 0.13404922227299942 0.16712087164462838 0.06638525976933729 0.16712087376463924 0.06638525965810438 100 0
compas_M fair-scale 6 0.7260940032414911 0.08154566167590993 0.08154566401154437 0.057202918101605715 0.03308167884882484 0.057202921466279144 0.033081682330037374 100 0
compas_M fair-scale 7 0.6904376012965965 0.14830080012089913 0.1483007967415994 0.1834617784853135 0.07174572495835946 0.18346176813439896 0.07174573073992702 100 0
compas_M fair-scale 8 0.7828200972447326 0.10728407742059934 0.10728406981157707 0.04252631442287355 0.02109932567534306 0.04252630009662428 0.02109932848998841 100 0
compas_M fair-scale 9 0.779578606158833 0.06719312533908425 0.06719312632374624 0.04536715906203644 0.018150963658460553 0.04536717453141903 0.018150961847158503 100 0
compas_M fair-scale 0 0.7536466774716369 0.09163714150129856 0.09163713801232715 0.0682720239415638 0.021633389791871786 0.06827202551237577 0.021633390473466657 1000 0
compas_M fair-scale 1 0.7585089141004863 0.0550836005928642 0.05508360243180266 0.0582640584593922 0.024918674858664974 0.058264071828846076 0.02491867685965063 1000 0
compas_M fair-scale 2 0.7293354943273906 0.12813961810200786 0.12813961957921358 0.16229318980369045 0.043563455605022894 0.1622931782482896 0.04356345881075388 1000 0
compas_M fair-scale 3 0.7633711507293355 0.09522476122686818 0.09522476051272519 0.06850748756641599 0.024881717358379102 0.0685074758946208 0.02488171768949747 1000 0
compas_M fair-scale 4 0.7552674230145867 0.11614897668479028 0.1161489763488161 0.06173371237344823 0.042749456437359924 0.06173369544519036 0.04274945512337103 1000 0
compas_M fair-scale 5 0.6952998379254457 0.1340492211119765 0.13404922227299942 0.16712087164462838 0.06638525976933729 0.16712087376463924 0.06638525965810438 1000 0
compas_M fair-scale 6 0.7260940032414911 0.08154566167590993 0.08154566401154437 0.057202918101605715 0.03308167884882484 0.057202921466279144 0.033081682330037374 1000 0
compas_M fair-scale 7 0.6904376012965965 0.14830080012089913 0.1483007967415994 0.1834617784853135 0.07174572495835946 0.18346176813439896 0.07174573073992702 1000 0
compas_M fair-scale 8 0.7828200972447326 0.10728407742059934 0.10728406981157707 0.04252631442287355 0.02109932567534306 0.04252630009662428 0.02109932848998841 1000 0
compas_M fair-scale 9 0.779578606158833 0.06719312533908425 0.06719312632374624 0.04536715906203644 0.018150963658460553 0.04536717453141903 0.018150961847158503 1000 0


