
compas fbc 1 0.7844408427876823 0.04462897226624406 0.2422672204205058 0.10430539462655422 0.030678537071573232 0.09034023467679593 0.10757781484813687 0.05
compas fbc 2 0.7763371150729336 0.08818007013281538 0.2764856628521372 0.06425319248166123 0.018642182255322326 0.08491582106903514 0.1055093432108622 0.05
compas fbc 3 0.7925445705024311 0.09699894383420855 0.27897424030105145 0.03386336119876217 0.01272153047562371 0.01597838091493572 0.13738767804493257 0.05
compas fbc 4 0.7876823338735819 0.06607449129550728 0.2515425569730337 0.09059161197534754 0.012949231320714927 0.045870612071672534 0.09860189793962096 0.05
compas fbc 5 0.7601296596434359 0.043286676710608596 0.1964987595716412 0.03499547529534985 0.03385415686183424 0.03492158117083868 0.0661098357225943 0.05
compas fbc 6 0.7520259319286872 0.09834978797478211 0.1792136270207801 0.09905065754375993 0.017813967047945994 0.026665896382920766 0.0763809303199488 0.05
compas fbc 7 0.7925445705024311 0.07163455511894337 0.23938240200198352 0.06985468604028935 0.009891422742102226 0.09441149804836105 0.10319368687748706 0.05
compas fbc 8 0.7828200972447326 0.08334484759058519 0.23627191634806155 0.07170823027418606 0.016693341803409586 0.06721825679136859 0.11668418386242371 0.05
compas fbc 9 0.7682333873581848 0.08357034499820386 0.25929507825161513 0.034746107261121685 0.02209821230795411 0.04786998305119301 0.10833310734868387 0.05
compas fbc 10 0.7811993517017828 0.0774029535944975 0.1887990569719285 0.05888848050953274 0.009265500422991865 0.03080170387261122 0.05812244193289858 0.05
compas fbc 11 0.7876823338735819 0.12528781513929657 0.2566490139272323 0.042879748531089154 0.04475116613811655 0.021219065704552727 0.13092662793900484 0.05
compas fbc 1 0.7828200972447326 0.08320511813861603 0.29724094436141735 0.026750980882741287 0.015063385179581645 0.020642020410991196 0.15183799264669048 0.1
compas fbc 2 0.7811993517017828 0.07396213065221147 0.29013187114860517 0.08144531245953808 0.018961066083407016 0.06180165163604666 0.12590192980349368 0.1
compas fbc 3 0.7925445705024311 0.0768866132420343 0.2668490887342714 0.040373070710035146 0.018258063914832492 0.030757120894701874 0.13313752600270812 0.1
compas fbc 4 0.700162074554295 0.05423589977505418 0.13988925382220319 0.11664881909736419 0.035697492040557964 0.009616559851495633 0.0541961550877659 0.1
compas fbc 5 0.7844408427876823 0.07856884556083288 0.2534958002894317 0.07611452370925922 0.022810110388084066 0.046545471556713125 0.1571652231845203 0.1
compas fbc 6 0.7811993517017828 0.03878000708659837 0.24591690412102843 0.11151548115979375 0.035350058841072896 0.019009585586084614 0.11209332659029571 0.1
compas fbc 7 0.7244732576985413 0.0870456243287955 0.17170293594897357 0.1123281289113504 0.024421099244816034 0.01491499116720296 0.1011214614728634 0.1
compas fbc 8 0.779578606158833 0.12835163401527638 0.24444829862522688 0.10774792877282187 0.04607955623344428 0.04956876428038148 0.14354014720598585 0.1
compas fbc 9 0.773095623987034 0.059752242477378974 0.16630690384416313 0.06716859306055965 0.012414570483631515 0.06947738593792932 0.08189054320904453 0.1
compas fbc 10 0.7390599675850892 0.08344398329482824 0.24831351236757776 0.05585679806244377 0.030877095095784967 0.06440643825495557 0.13074847849904558 0.1
compas fbc 11 0.7423014586709886 0.08827920583705841 0.3134292465831755 0.09096537684161148 0.021744571638558446 0.07120982791745185 0.1728563370155105 0.1
compas fbc 1 0.7893030794165316 0.09360267312920767 0.22295370732031083 0.07349646759822889 0.013163181326817212 0.1060288457258868 0.09824461681699062 0.15
compas fbc 2 0.7779578606158833 0.06832054662460303 0.1696712513585123 0.046336733680370314 0.02220077339473906 0.06367012198389428 0.04110552212736351 0.15
compas fbc 3 0.7811993517017828 0.07947000608525442 0.2024518971488111 0.0523003966507055 0.017012225631494286 0.050954999034287365 0.09451291234100526 0.15
compas fbc 4 0.7277147487844409 0.10999978449587422 0.22662507626830775 0.13733722481005292 0.04255629133878938 0.07643461725508213 0.1280802715231925 0.15
compas fbc 5 0.7811993517017828 0.0634580144060296 0.2146136151961674 0.05263709617212721 0.026624705087562706 0.08254416554144359 0.0698261462018318 0.15
compas fbc 6 0.6677471636952999 0.028219686435818923 0.1204733933651675 0.038242695102272586 0.018406096783975204 0.03850898932271998 0.07209430060425935 0.15
compas fbc 7 0.7860615883306321 0.07982056486561259 0.24574061415714976 0.061721880743773765 0.00696669726974556 0.05147538991450007 0.09183793809926831 0.15
compas fbc 8 0.7244732576985413 0.07986087996991692 0.18142610022611494 0.10895854911648808 0.017576643505796664 0.006568459889721357 0.10023993308012272 0.15
compas fbc 9 0.773095623987034 0.10253839692175529 0.21818483906654818 0.03983260199830745 0.0169110682664896 0.04662100024265517 0.077140231979406 0.15
compas fbc 10 0.773095623987034 0.045118447193536707 0.12487303089780287 0.11227372587547901 0.014181843327710397 0.12261331693694574 0.06095897895719244 0.15
compas fbc 11 0.766612641815235 0.08358878749272616 0.1841106523144967 0.07107691680290461 0.010307867944976878 0.03262491764985566 0.0664231598792209 0.15
compas fbc 1 0.7601296596434359 0.07863523950873051 0.1935286545466358 0.032770517653068314 0.011533224702989307 0.026089768822339814 0.0755265493803666 0.2
compas fbc 2 0.779578606158833 0.07362333801415946 0.23629756368681804 0.06708659271590225 0.017900779860151397 0.0735141595945763 0.11995952886918076 0.2
compas fbc 3 0.6920583468395461 0.06102401499124971 0.14245024406453016 0.10150374260736941 0.016216934110905124 0.013048866064915222 0.08327689972662322 0.2
compas fbc 4 0.7876823338735819 0.08506315395494807 0.1572965542427246 0.034746107261121685 0.010761104409940714 0.035355061846849674 0.037776040867937205 0.2
compas fbc 5 0.773095623987034 0.06923544416094059 0.11465463088844818 0.06287880459653511 0.02013655494446735 0.02673445256905866 0.028312262174929433 0.2
compas fbc 6 0.7828200972447326 0.07714243055198633 0.19557347040167591 0.0586007591424624 0.00958438425107662 0.04767525472830963 0.06972427873608165 0.2
compas fbc 7 0.7860615883306321 0.07171982755559406 0.18940233508539372 0.05263709617212721 0.01407474332846734 0.013149720496315177 0.058051235252694455 0.2
compas fbc 8 0.7682333873581848 0.03853158775319672 0.12092523806870606 0.1116599881232977 0.02022118072042239 0.06677117723625478 0.04599839308651826 0.2
compas fbc 9 0.766612641815235 0.02179428161205211 0.1641361355473568 0.13220388687248247 0.043888200394375534 0.18831023040149103 0.06824295975637255 0.2
compas fbc 10 0.773095623987034 0.07439796186922029 0.11966446750232657 0.052478605627206035 0.012391061033768667 0.03371823710857637 0.04363967100741985 0.2
compas fbc 11 0.773095623987034 0.11552175508575357 0.23172561938989683 0.07680297601708252 0.025836258829191168 0.021173184147802924 0.09422674960650271 0.2
compas fbc 1 0.7860615883306321 0.043367843506466754 0.20916498663758287 0.09083633195122671 0.034480756474046845 0.047880585535373804 0.11155231779365442 0.25
compas fbc 2 0.7779578606158833 0.06994197856153477 0.12337705536797594 0.06675736774097427 0.011747439548449057 0.040484066724413695 0.03957746394337718 0.25
compas fbc 3 0.6661264181523501 0.020379472168311555 0.11002217761535499 0.05579698449185645 0.00860456153928186 0.0175540455009431 0.04988846825867634 0.25
compas fbc 4 0.6871961102106969 0.03300771734230114 0.1159749448609614 0.052201197729358426 0.0046327502114959325 0.03784672424759884 0.040545615722837644 0.25
compas fbc 5 0.7034035656401945 0.05986064703614998 0.1857617844295359 0.11592391567384841 0.011730122150058643 0.034358744928900946 0.11487809016659488 0.25
compas fbc 6 0.6904376012965965 0.037842939884531315 0.15311073867001823 0.052201197729358426 0.006276810124537353 0.029971070724127327 0.06100997593906246 0.25
compas fbc 7 0.7585089141004863 0.07238946981499322 0.10901763159722483 0.0372393050672284 0.00696669726974556 0.015816567782846215 0.022570712087672945 0.25
compas fbc 8 0.7050243111831442 0.04763253891542375 0.18164595023073482 0.05917582079084049 0.010751935182379387 0.02171173060760919 0.11498878623622054 0.25
compas fbc 9 0.7828200972447326 0.07660743192071791 0.15011719247748717 0.06392396750673326 0.005058716853816204 0.01169257414003422 0.06192883837111809 0.25
compas fbc 10 0.700162074554295 0.056060133637093224 0.1553159407839067 0.06975548711894229 0.021503870364758808 0.03223491805647205 0.08344434820859117 0.25
compas fbc 11 0.6985413290113452 0.08744576138205884 0.13720176271648502 0.17557066340820376 0.03004183496352588 0.10135964642111117 0.059023307920144305 0.25
compas fbc 1 0.6645056726094003 0.009014975175831573 0.07920318523571523 0.013949246122964113 0.005375967591189732 0.03991180130107416 0.03648845567086541 0.3
compas fbc 2 0.6661264181523501 0.012019966901108764 0.05035327650319489 0.02092386918444617 0.005375967591189732 0.068804239495628 0.023989332430387596 0.3
compas fbc 3 0.7050243111831442 0.0769239776991064 0.1481770947180855 0.13324274159167485 0.014726649467762526 0.025448573635053706 0.06650019394589443 0.3
compas fbc 4 0.6628849270664505 0.0 0.06524976510256103 0.0 0.0 0.06225311635091213 0.05371181240413499 0.3
compas fbc 5 0.6628849270664505 0.0 0.05576890621906244 0.0 0.0 0.04262048725709748 0.042251926782482914 0.3
compas fbc 6 0.6661264181523501 0.011431698511994161 0.09384589985360736 0.04146416713975062 0.0054862093765198905 0.04353775397156712 0.05649237090749338 0.3
compas fbc 7 0.6758508914100486 0.013194727809432968 0.11973075402523321 0.020688405712688727 0.0 0.09806454142185839 0.09595607951709159 0.3
compas fbc 8 0.6628849270664505 0.0 0.028397663056628077 0.0 0.0 0.022711482210419624 0.02736320391863076 0.3
compas fbc 9 0.7196110210696921 0.06677603725238805 0.1306414713663686 0.09013345855748914 0.020665153131195414 0.07078809275266079 0.06513287936809026 0.3
compas fbc 10 0.7098865478119936 0.0596673495171236 0.18700863731320244 0.08579763225451734 0.02377912812820194 0.07247978172685755 0.08579319819274199 0.3
compas fbc 11 0.7147487844408428 0.10213867240964812 0.20645279542127953 0.1784600597554295 0.02238081106935831 0.10868498747515662 0.09983627919815677 0.3
