compas_multi frc 0 0.779578606158833 0.03811578480889039 0.00698202770797929 0.1011805330744045 0.03448075585526019 0.03716960137101229 0.03837047145260868 0 1
compas_multi frc 1 0.779578606158833 0.03286372674382332 0.003339757386768174 0.11512977900138854 0.03574816230336041 0.04373898210745543 0.03346643364874058 0 1
compas_multi frc 2 0.7876823338735819 0.03963273081677657 0.004064020678058757 0.1322038848065455 0.026007014770702892 0.04637402785603334 0.029066832034067666 0 1
compas_multi frc 3 0.6871961102106969 0.009328097751652251 0.005745347812660208 0.07245247867927204 0.012897672700120582 0.02184299540662183 0.011040520648510885 0 1
compas_multi frc 4 0.779578606158833 0.03811578480889039 0.004340850558927572 0.1011805330744045 0.03448075585526019 0.03529740609306574 0.03206797663069358 0 1
compas_multi frc 5 0.7714748784440842 0.042021441743259405 0.00737828648084686 0.07015718134226342 0.03448075585526019 0.027100886253816674 0.029182959456342028 0 1
compas_multi frc 6 0.7277147487844409 0.019134351916528583 0.007472196386767751 0.16107199965880672 0.023066715553304674 0.0539836186965486 0.021822868939849957 0 1
compas_multi frc 7 0.7779578606158833 0.031090963420154966 0.005501662254488683 0.10189618011525581 0.03935132962158891 0.03612433227231715 0.03156227225224406 0 1
compas_multi frc 8 0.7811993517017828 0.03288786375338884 0.007546618188842854 0.13580892810071765 0.03250814225168266 0.034542641993880144 0.029698742040302505 0 1
compas_multi frc 9 0.7844408427876823 0.035191302241277644 0.00506702853573366 0.12594490888390483 0.029610182088931392 0.038394698621773214 0.029991877177532926 0 1

compas_multi frc 0 0.779578606158833 0.03811578480889039 0.011369630262155568 0.1011805330744045 0.03448075585526019 0.01714219926983905 0.03535166105644068 0 0.1
compas_multi frc 1 0.7779578606158833 0.023620739305793156 0.006471714283439831 0.15649733336634153 0.03448075585526019 0.04151464254134286 0.031591894256734435 0 0.1
compas_multi frc 2 0.7714748784440842 0.013927252665227163 0.01261186265522143 0.17116222633417694 0.03448075585526019 0.06655233427918314 0.03734166323077919 0 0.1
compas_multi frc 3 0.7893030794165316 0.04230139606860713 0.008110497440281946 0.12522926184305347 0.026007014770702892 0.04567582452333563 0.037783919954374606 0 0.1
compas_multi frc 4 0.779578606158833 0.032607909428041135 0.006185765833258762 0.12931448855322475 0.029610182088931392 0.0402498033566822 0.035155089182341226 0 0.1
compas_multi frc 5 0.779578606158833 0.03811578480889039 0.0037675538445887933 0.1011805330744045 0.03448075585526019 0.03279535370904349 0.0372647176246963 0 0.1
compas_multi frc 6 0.779578606158833 0.03811578480889039 0.007830041632871938 0.1011805330744045 0.03448075585526019 0.03878068235213711 0.03767148547135104 0 0.1
compas_multi frc 7 0.7828200972447326 0.032607909428041135 0.007266363128610153 0.12233986558973275 0.03448075585526019 0.03678329410795487 0.037873196216363925 0 0.1
compas_multi frc 8 0.7844408427876823 0.029853971737616503 0.006561902264539702 0.13291953184739685 0.03448075585526019 0.0346198647731422 0.038016369855223976 0 0.1
compas_multi frc 9 0.7844408427876823 0.03502075736408952 0.007774843900505611 0.11199566295692082 0.03681651672538843 0.042404110862945474 0.03557073903884607 0 0.1

compas_multi frc 0 0.7763371150729336 0.032693181866635196 0.006612480254875386 0.10815515603789652 0.03808392317348869 0.027044865873965544 0.0337928994632665 0.001 1
compas_multi frc 1 0.7714748784440842 0.03651356636241016 0.005816250024955532 0.11584542604223988 0.021136441004374142 0.05170015675011778 0.025314310154109135 0.001 1
compas_multi frc 2 0.7828200972447326 0.032607909428041135 0.0036034212616001078 0.12233986558973275 0.03448075585526019 0.0420372093147447 0.03217474981346296 0.001 1
compas_multi frc 3 0.6823338735818476 0.021903305357199032 0.017166306860672467 0.034806893648320486 0.009439226449808194 0.009446193895847426 0.009814076611177749 0.001 1
compas_multi frc 4 0.7585089141004863 0.024772458549737558 0.010286411870500129 0.1507185408597 0.016828066530668418 0.03184009014640318 0.023892105127780804 0.001 1
compas_multi frc 5 0.7779578606158833 0.035702936872842 0.008486850205117129 0.11152473570721641 0.03214499498513192 0.029317166777008137 0.026449395042655456 0.001 1
compas_multi frc 6 0.7374392220421394 0.015729514438515158 0.005062916133071948 0.10166997265669843 0.04174731270283552 0.03596190951587133 0.01958331222928463 0.001 1
compas_multi frc 7 0.7747163695299838 0.031176235858749027 0.008459173452139956 0.11584542604223988 0.030877588537031708 0.051790593573823 0.036283277216017595 0.001 1
compas_multi frc 8 0.7763371150729336 0.038926414298458556 0.006247231816550654 0.09852660044593592 0.028342775640831135 0.018022612192491613 0.034282650569875874 0.001 1
compas_multi frc 9 0.7828200972447326 0.047180786686688375 0.014214355114063684 0.08723128714742047 0.029545781829912778 0.02163609513254322 0.02485809647903998 0.001 1
compas_multi frc 0 0.7698541329011345 0.023255512541851386 0.004259388609891902 0.12618962867505182 0.03574816230336041 0.023894604029243156 0.03346799207208196 0.01 1
compas_multi frc 1 0.7649918962722853 0.014683636225890279 0.009956264336195503 0.15864427448889556 0.043456474021322154 0.047334281156062155 0.029402307471873765 0.01 1
compas_multi frc 2 0.7682333873581848 0.034684926211594705 0.007232062346772242 0.10094506944955228 0.0349827329367649 0.035124627854618506 0.030373329966613915 0.01 1
compas_multi frc 3 0.6823338735818476 0.011718482857216096 0.006736459791385882 0.05899423221451195 0.011784577359576089 0.013312142386770885 0.007582067949321478 0.01 1
compas_multi frc 4 0.7617504051863857 0.026313703692161225 0.006991147397053432 0.13918776393633236 0.02538459326696155 0.028208986934377525 0.03427801203140356 0.01 1
compas_multi frc 5 0.7390599675850892 0.028704541562901153 0.004330882809945457 0.07425166421872953 0.0339787787737555 0.027249954767218674 0.03312958832027692 0.01 1
compas_multi frc 6 0.6661264181523501 0.02560089339745085 0.006673539574065432 0.045556079200677196 0.03156237045574418 0.0385162488472522 0.013453378147371003 0.01 1
compas_multi frc 7 0.7617504051863857 0.015420061663547795 0.015895376945246883 0.15048307723484783 0.03214499498513192 0.04965629096041066 0.04012408676192858 0.01 1
compas_multi frc 8 0.7682333873581848 0.02434680281602067 0.0084991047401561 0.10669705386627845 0.03574816230336041 0.02762784051299167 0.03957023018272081 0.01 1
compas_multi frc 9 0.7747163695299838 0.029128614686642414 0.005766228605657455 0.11778371162985707 0.0429544969398174 0.028014305144749244 0.03625444322043231 0.01 1
compas_multi frc 0 0.7260940032414911 0.012840873287252422 0.0044790569094634615 0.049905087472016 0.04839144804666952 0.023124747048540485 0.03139808421412197 0.1 1
compas_multi frc 1 0.7633711507293355 0.01847825281385764 0.008488885231229475 0.15119872427569914 0.023104876560051415 0.044090959440506436 0.02270432106974364 0.1 1
compas_multi frc 2 0.747163695299838 0.033298373938204534 0.015388635758723873 0.15260369826039963 0.06217333972004156 0.04762226184294113 0.03135067679998624 0.1 1
compas_multi frc 3 0.6823338735818476 0.010042149115445445 0.002612395945347901 0.04260725684242626 0.01498431724285342 0.021011939644355916 0.006252264641546193 0.1 1
compas_multi frc 4 0.7406807131280388 0.025925081635633063 0.012412590268873026 0.14446882110335413 0.0744534781967999 0.04002740388025608 0.03755986358773954 0.1 1
compas_multi frc 5 0.7341977309562399 0.025581986666417755 0.007736060900626306 0.06939490633186167 0.0411851134102125 0.028233090561021676 0.017692787913875366 0.1 1
compas_multi frc 6 0.6628849270664505 0.0 0.0018747351455305691 0.0 0.0 0.009385760495911444 0.003327943707606104 0.1 1
compas_multi frc 7 0.747163695299838 0.007647777527480978 0.015081690655607535 0.19233081501579996 0.030881766584931906 0.05270068120244399 0.03534040920682678 0.1 1
compas_multi frc 8 0.7406807131280388 0.004428610036386782 0.01141122518585454 0.11603701764646931 0.03574816230336041 0.025569440432339385 0.03828055868296329 0.1 1
compas_multi frc 9 0.7406807131280388 0.01381784321706755 0.011146431661988487 0.092730744008587 0.04656184230594623 0.03589773831766831 0.029907773093201903 0.1 1
compas_multi frc 0 0.6774716369529984 0.006617314834105649 0.0078097164125502175 0.06329566210805014 0.007050124828554371 0.016374251264309532 0.012145690603060848 1 1
compas_multi frc 1 0.6645056726094003 0.006944094468218594 0.002644943732964711 0.013949245926984048 0.005260910910452291 0.01068194215879429 0.0042316661365547495 1 1
compas_multi frc 2 0.6709886547811994 0.013584921656293278 0.010003297884368037 0.036257161791852996 0.027483502541792295 0.023474002320554445 0.014889513363875926 1 1
compas_multi frc 3 0.6628849270664505 0.0 0.0028801936133387015 0.0 0.0 0.0031746910474922106 0.003970003096017585 1 1
compas_multi frc 4 0.6855753646677472 0.011268920897937965 0.006141035820704473 0.0620998316511996 0.011375879295208753 0.008547000825094454 0.016732451322652386 1 1
compas_multi frc 5 0.6839546191247974 0.008667322327726077 0.008269254329853096 0.036037627157449084 0.003354258569057436 0.029260867983848648 0.012898219318360632 1 1
compas_multi frc 6 0.6628849270664505 0.0 0.002809899481860334 0.0 0.0 0.006665475087341283 0.0025456889417515734 1 1
compas_multi frc 7 0.6742301458670988 0.02517480298732896 0.0034414377189731856 0.028283144383211917 0.014049522006363278 0.017063434948499007 0.008466018885645927 1 1
compas_multi frc 8 0.6693679092382496 0.016608736486143458 0.0063334262418236935 0.024331277218795383 0.024885723176709146 0.016443141963080797 0.01009538777672541 1 1
compas_multi frc 9 0.6774716369529984 0.0009884529248283596 0.011452663409002924 0.03582413525460809 0.004058033424961385 0.02056620186086605 0.014515860792882496 1 1
compas_multi frc 0 0.7828200972447326 0.033589083794797414 0.006923198069235887 0.10910626670360005 0.03448075585526019 0.02790583970829358 0.03626047414096522 0.001 0.1
compas_multi frc 1 0.7779578606158833 0.040784450060720956 0.00651135177296887 0.1011805330744045 0.029610182088931392 0.03608675229188344 0.03287708850991283 0.001 0.1
compas_multi frc 2 0.7682333873581848 0.036903092260889434 0.008018088208250614 0.09540174056776296 0.024173230982079366 0.02236018108758644 0.03560167368585794 0.001 0.1
compas_multi frc 3 0.773095623987034 0.015785288427489576 0.013843186948298404 0.17381615896264546 0.03574816230336041 0.057125971581478335 0.02962570214123943 0.001 0.1
compas_multi frc 4 0.7779578606158833 0.03455121762889761 0.0072125537451754596 0.14591766710867737 0.02240384745247441 0.02795682296600146 0.03425053064957006 0.001 0.1
compas_multi frc 5 0.7714748784440842 0.0255215636674037 0.005259254525498849 0.12385003474105961 0.030877588537031708 0.03744897583124776 0.03246640062631172 0.001 0.1
compas_multi frc 6 0.7698541329011345 0.03235735071414038 0.008063464949643346 0.12884356130352037 0.025440637430179637 0.04176841124319437 0.03592423380071615 0.001 0.1
compas_multi frc 7 0.7763371150729336 0.021762703543530753 0.00906032626952827 0.1362891115167168 0.041687090491717226 0.04280142678177553 0.03715032597462581 0.001 0.1
compas_multi frc 8 0.7779578606158833 0.029939244176210574 0.004897622106021696 0.1187348222955606 0.03808392317348869 0.034371564671705566 0.0341719749281224 0.001 0.1
compas_multi frc 9 0.7811993517017828 0.030024516614804632 0.00882756386625659 0.1187348222955606 0.03935132962158891 0.04225795448233064 0.03604713130671228 0.001 0.1
compas_multi frc 0 0.7747163695299838 0.026820079721844164 0.009337009529708498 0.10958645011959924 0.03574816230336041 0.029431762065452834 0.034393098538445716 0.01 0.1
compas_multi frc 1 0.7828200972447326 0.03645768953526306 0.010238376677493126 0.1213887549240292 0.03391437851473689 0.03990327886686448 0.03154670947047319 0.01 0.1
compas_multi frc 2 0.7763371150729336 0.027068456354582278 0.00975649412692113 0.11489431537653631 0.043595303836276064 0.031330990665014255 0.03303207307442251 0.01 0.1
compas_multi frc 3 0.7633711507293355 0.02536192493685191 0.012000873754897091 0.1503315481680788 0.028541827666903424 0.04849895988652483 0.028852084270339015 0.01 0.1
compas_multi frc 4 0.7779578606158833 0.0449384836278281 0.008754075642428845 0.1317329575568411 0.013303506816275564 0.0246066557937807 0.037229115761875806 0.01 0.1
compas_multi frc 5 0.7504051863857374 0.022376520334863117 0.0068614055173454504 0.08506679410124582 0.03878913032896588 0.0364288862998463 0.029510524818870273 0.01 0.1
compas_multi frc 6 0.7585089141004863 0.02029945228162903 0.013524383611545026 0.13239547641077493 0.02183747011195119 0.03373163035057096 0.043406537416415106 0.01 0.1
compas_multi frc 7 0.7747163695299838 0.013841980226633107 0.012884478399503681 0.15721298040719286 0.0429544969398174 0.042282001765387954 0.0373630156560192 0.01 0.1
compas_multi frc 8 0.7747163695299838 0.02592417779368195 0.007350223076158589 0.14734896119038007 0.023671253900574715 0.0278527840408527 0.031927134177322285 0.01 0.1
compas_multi frc 9 0.779578606158833 0.03103508659300787 0.00525895503742896 0.1283633778875212 0.037517545832965384 0.029360193001000505 0.03273656482524521 0.01 0.1
compas_multi frc 0 0.7293354943273906 0.012608486053239186 0.005457841969119052 0.10718649344857241 0.04068313632870783 0.02818028825278021 0.030510179143984184 0.1 0.1
compas_multi frc 1 0.7487844408427877 0.016324248564574654 0.01449547542641062 0.17140694612532387 0.043456474021322154 0.04501856203329654 0.02946620952247443 0.1 0.1
compas_multi frc 2 0.7504051863857374 0.023880682451422698 0.015248601755650293 0.12879043311660288 0.06648171419374735 0.04346123003156675 0.03389798966435299 0.1 0.1
compas_multi frc 3 0.6985413290113452 0.018144587614103917 0.008277656115926683 0.04525222050255012 0.010849815404655166 0.01602508249992581 0.0077374751703781115 0.1 0.1
compas_multi frc 4 0.7406807131280388 0.012706075301735752 0.008776068305028467 0.07448712784358166 0.05680496692010839 0.029414493252963053 0.038429289159173076 0.1 0.1
compas_multi frc 5 0.7374392220421394 0.013988388094255686 0.003732098587140935 0.10042101401293035 0.03631453964388373 0.033317736478923235 0.020529906472940965 0.1 0.1
compas_multi frc 6 0.7487844408427877 0.01700249303017299 0.015407291449038506 0.1812178371552191 0.04005653677706619 0.04858122312081852 0.035547992142421894 0.1 0.1
compas_multi frc 7 0.7358184764991896 0.01966686223218808 0.011233975701529533 0.14256659977194702 0.027979628374280408 0.04650725009424683 0.02981808514355209 0.1 0.1
compas_multi frc 8 0.6807131280388979 0.03042160245051461 0.005598297163839416 0.03199297473043416 0.011852590951188978 0.01407280916153321 0.010549775122511457 0.1 0.1
compas_multi frc 9 0.7423014586709886 0.020469997158817158 0.008818632621361925 0.09572953332314285 0.03752172388086562 0.03422503747463089 0.027013854312033365 0.1 0.1
compas_multi frc 0 0.6677471636952999 0.06478485596383166 0.031216052693602503 0.10221013161505876 0.03432045550190383 0.046515619687383616 0.01621080176555522 1 0.1
compas_multi frc 1 0.6628849270664505 0.0 0.0031193271903847773 0.0 0.0 0.002120481886399969 0.0044276903681374005 1 0.1
compas_multi frc 2 0.6612641815235009 0.023099806159966048 0.015812914446510524 0.036172537253335496 0.010729174840391138 0.014405130486932469 0.007899233148499829 1 0.1
compas_multi frc 3 0.6580226904376013 0.0439257645776389 0.017832188124645997 0.055090592833379616 0.03324309936106297 0.02571921197469585 0.01031977828391763 1 0.1
compas_multi frc 4 0.6628849270664505 0.0 0.0026303628937256723 0.0 0.0 0.0049048274150308565 0.0032031818879996454 1 0.1
compas_multi frc 5 0.6628849270664505 0.05286789768994794 0.02366139516089263 0.09380421456986403 0.024128551380047103 0.04244319032771903 0.010598284083456744 1 0.1
compas_multi frc 6 0.6628849270664505 0.0 0.0016058860355844438 0.0 0.0 0.0013676792741880227 0.002161612488803269 1 0.1
compas_multi frc 7 0.6661264181523501 0.05305514110870457 0.020283746349412574 0.05893109975240392 0.04242606640762323 0.02429398459414204 0.014504712780460633 1 0.1
compas_multi frc 8 0.6628849270664505 0.0 0.002415027767917629 0.0 0.0 0.006303308462448235 0.0017430270554615838 1 0.1
compas_multi frc 9 0.6693679092382496 0.06051611608763311 0.019470406032893996 0.04906708053559114 0.05627577501003563 0.0120185250212507 0.015085073939578156 1 0.1
