
compas_m frc 1 0.7649918962722853 0.061271587050190195 0.06120732876515332 0.030674784378010144 0.018581959709766737 0.02191076288112474 0.022844553982835854 0.0 1.0
compas_m frc 2 0.7585089141004863 0.08011668372793226 0.07342608933189294 0.028902820305084297 0.015379563188676969 0.03310878093889223 0.0282858310443675 0.0 1.0
compas_m frc 3 0.7617504051863857 0.07332006771425213 0.048994861558215946 0.06169526828013764 0.022206060852640506 0.02759021813765293 0.0130061580827383 0.0 1.0
compas_m frc 4 0.7763371150729336 0.10999075016604508 0.0772924495575146 0.01324967058608377 0.03803635190025416 0.00206876410723958 0.0429642147670343 0.0 1.0
compas_m frc 5 0.766612641815235 0.10252977518711653 0.08751622603761738 0.028064723770164335 0.04235483392222926 0.016566842872213917 0.05273641635945493 0.0 1.0
compas_m frc 6 0.7763371150729336 0.11839181477629239 0.08618302711805886 0.04321905632029371 0.040325001795610604 0.014852935383382813 0.04615374359972812 0.0 1.0
compas_m frc 7 0.7552674230145867 0.1329969962551928 0.08716456956189288 0.0455343482931089 0.07580880476795043 0.028318192200371364 0.04633125697166374 0.0 1.0
compas_m frc 8 0.7925445705024311 0.09440857784288548 0.08212148114205489 0.043502543997335774 0.022493254100035658 0.027896841335657587 0.03702805716678783 0.0 1.0
compas_m frc 9 0.7698541329011345 0.07671155503702402 0.06421245509341544 0.07423315188613991 0.031413023205357805 0.03594386073766084 0.04057454350899539 0.0 1.0
compas_m frc 10 0.7779578606158833 0.11937457982482358 0.0584635679863367 0.041224095845655936 0.053224906483967084 0.02233381619395112 0.034553316213344704 0.0 1.0
compas_m frc 11 0.7552674230145867 0.05867877646850428 0.04046281999001408 0.0600576985005985 0.014038048505640856 0.030946094231688738 0.021080314091816224 0.0 1.0
compas_m frc 1 0.7763371150729336 0.038334765830181555 0.01383791020366401 0.10189618011525581 0.027776398300307863 0.014095364467245328 0.02167606582166616 0.001 1.0
compas_m frc 2 0.7698541329011345 0.0649729822043842 0.052687687251944074 0.08794693418827176 0.023263546348520577 0.009861618502271748 0.017977195833530336 0.001 1.0
compas_m frc 3 0.7374392220421394 0.030752170806807012 0.013483137989987841 0.08742287875164986 0.013731054341844816 0.02215469625793688 0.01753102927566877 0.001 1.0
compas_m frc 4 0.7601296596434359 0.04858832324641495 0.033501546251242784 0.10503029615972356 0.008802534841178287 0.04171131665530686 0.015721435594306284 0.001 1.0
compas_m frc 5 0.7714748784440842 0.03525921840948725 0.02912396901777326 0.10032650477869928 0.029545781829912778 0.017505734389111273 0.011996739406412802 0.001 1.0
compas_m frc 6 0.7406807131280388 0.06418068632146759 0.03671055717032297 0.018200704553351592 0.02392660788311977 0.005318739300698453 0.012029319007012996 0.001 1.0
compas_m frc 7 0.7568881685575365 0.04799667477813795 0.03262889201872475 0.06772164840793965 0.019242435004632238 0.02016188717514606 0.006435943024158541 0.001 1.0
compas_m frc 8 0.7536466774716369 0.0430488701729561 0.03494095551753082 0.04101898701082206 0.028979404489389557 0.017622520630465568 0.01520454173436005 0.001 1.0
compas_m frc 9 0.766612641815235 0.04260564952849234 0.015181145319013722 0.10455011274372436 0.020371011637778585 0.04538784630217167 0.017530219332326007 0.001 1.0
compas_m frc 10 0.7325769854132901 0.055629185447902955 0.024662431236642357 0.0463877882190894 0.01626853581734547 0.007748757144029118 0.012979680783506307 0.001 1.0
compas_m frc 11 0.7487844408427877 0.07745964886549098 0.05401803876498459 0.01902269952215546 0.03380516253947482 0.016380323572948045 0.02963228881314213 0.001 1.0
compas_m frc 1 0.7601296596434359 0.059741728274303144 0.010551532050533979 0.05427890599395699 0.01021982243937753 0.011155801632810824 0.018804124534859176 0.01 1.0
compas_m frc 2 0.7293354943273906 0.039539838772516225 0.01333658875450926 0.04197935384282041 0.02284383575421823 0.014022511611809084 0.021576429235780542 0.01 1.0
compas_m frc 3 0.7536466774716369 0.03024131555493316 0.0045528068435439955 0.09827407289037629 0.03562353983322347 0.030775139289189297 0.025377048257544797 0.01 1.0
compas_m frc 4 0.7455429497568882 0.015858023706130122 0.009614064516769268 0.15528395098587047 0.012598299660798278 0.04751124767236105 0.010973344514897062 0.01 1.0
compas_m frc 5 0.7293354943273906 0.029731482725158742 0.009862727149162271 0.04323318042778663 0.048617392387006 0.0323166678185584 0.03251529340543881 0.01 1.0
compas_m frc 6 0.7568881685575365 0.02361849089520234 0.008072111811585497 0.11969518912755897 0.03436031143302349 0.04112755131701312 0.026338498598866094 0.01 1.0
compas_m frc 7 0.7358184764991896 0.03673562415877252 0.016294229674217946 0.03235079825085984 0.03316174007145925 0.0071461452292362225 0.02004101658863296 0.01 1.0
compas_m frc 8 0.747163695299838 0.022408046757792212 0.013933578617245774 0.1047948325348714 0.03731849380689313 0.02400757883053741 0.02769039157100948 0.01 1.0
compas_m frc 9 0.747163695299838 0.024742187438860308 0.009544387126385341 0.10443395017863794 0.019864856508373656 0.046415671180771445 0.025384411169363467 0.01 1.0
compas_m frc 10 0.7552674230145867 0.029956102627704012 0.009432171743704362 0.05880873985683043 0.041622690232698614 0.024330451976116406 0.03467174380034188 0.01 1.0
compas_m frc 11 0.7228525121555915 0.017862467336015108 0.00525013075420374 0.0835352963387317 0.04847005565050506 0.016642374920971124 0.02890458256285126 0.01 1.0
compas_m frc 1 0.7439222042139384 0.041678332032692514 0.0020502551835007415 0.08671648787709327 0.0213325403012732 0.03706208245514925 0.01895347228334773 0.1 1.0
compas_m frc 2 0.7293354943273906 0.0338392731674637 0.01417108890032967 0.035488083866917014 0.029043804748408134 0.014121654058947972 0.021514036158064787 0.1 1.0
compas_m frc 3 0.7423014586709886 0.028383797350196405 0.013061900501039454 0.13214438484496582 0.058570172401813114 0.03712272866312595 0.02686218161210145 0.1 1.0
compas_m frc 4 0.747163695299838 0.018428998986923975 0.008091553658531377 0.09198828887782029 0.04389348695830991 0.038848283977140824 0.0232606061500326 0.1 1.0
compas_m frc 5 0.7374392220421394 0.01744664515468875 0.010788637231711402 0.1062261266165741 0.05964270487174128 0.04699645718173685 0.03392039926265378 0.1 1.0
compas_m frc 6 0.7050243111831442 0.03055471452650537 0.014348229395585024 0.15240381089884447 0.05559778268312647 0.052869811912047114 0.031524581339446966 0.1 1.0
compas_m frc 7 0.706645056726094 0.012700122965465209 0.008734911157788565 0.050217763246560715 0.0382269310363429 0.025923645913007123 0.024373693764060688 0.1 1.0
compas_m frc 8 0.7358184764991896 0.02822578079078769 0.016568777646966973 0.08232887964854335 0.031514217385590126 0.04031822421257168 0.03394452154934227 0.1 1.0
compas_m frc 9 0.7293354943273906 0.010082731159886654 0.013044231072661276 0.1523945547325497 0.022763006157072968 0.05316570591283136 0.025609354404602436 0.1 1.0
compas_m frc 10 0.7260940032414911 0.02865595555994639 0.010965584208673915 0.062323588876020825 0.03324242903665585 0.02556983220877397 0.03091479666525592 0.1 1.0
compas_m frc 11 0.7050243111831442 0.038478991616641506 0.009486514357499087 0.07773821400155148 0.036812338677488246 0.01865817894959279 0.020462439840782182 0.1 1.0
compas_m frc 1 0.6628849270664505 0.0 0.0017248417007014636 0.0 0.0 0.0036643070043805327 0.004259268617126883 2.0 1.0
compas_m frc 2 0.6628849270664505 0.0 0.00403965874278657 0.0 0.0 0.005882895280117687 0.003485818940380383 2.0 1.0
compas_m frc 3 0.6628849270664505 0.0 0.0027436719216343067 0.0 0.0 0.008958017329331162 0.0030548977809757042 2.0 1.0
compas_m frc 4 0.6628849270664505 0.0 0.002893772233028281 0.0 0.0 0.0027328190766303367 0.003142636558976698 2.0 1.0
compas_m frc 5 0.6628849270664505 0.0 0.003329201074122804 0.0 0.0 0.004701368655258853 0.0033268458613962505 2.0 1.0
compas_m frc 6 0.6628849270664505 0.0 0.004753701424262103 0.0 0.0 0.012238644660544484 0.0033768411003215664 2.0 1.0
compas_m frc 7 0.6628849270664505 0.0 0.0013993749624961393 0.0 0.0 0.0041824048686417 0.0011643334539463697 2.0 1.0
compas_m frc 8 0.6628849270664505 0.0 0.0019518923138373851 0.0 0.0 0.003792938767011335 0.0018307554665595884 2.0 1.0
compas_m frc 9 0.6628849270664505 0.0 0.001717908986437311 0.0 0.0 0.0012041123272246291 0.0023171775262527854 2.0 1.0
compas_m frc 10 0.6628849270664505 0.0 0.0030816596975565317 0.0 0.0 0.004445221005328522 0.004400729119318318 2.0 1.0
compas_m frc 11 0.6628849270664505 0.0 0.0023950008429429155 0.0 0.0 0.0006012052701439329 0.0016947449521939784 2.0 1.0
compas_m frc 1 0.7406807131280388 0.05631962327844037 0.01662185802009051 0.06438764500191671 0.017305128474706007 0.010340893617178349 0.015442433538100535 0.001 0.1
compas_m frc 1 0.7763371150729336 0.031406760941454726 0.011255034389557793 0.09438824554884709 0.03745732362184705 0.03125229271386801 0.02543516139291833 0.001 0.1
compas_m frc 1 0.7552674230145867 0.021093223319703744 0.01504773107326986 0.12425134308743463 0.025214685205950875 0.028067870329134582 0.016775195441294806 0.001 1
compas_m frc 1 0.747163695299838 0.047746116064237204 0.017146751869181874 0.08870915509429553 0.020585367417516282 0.022932666531944132 0.019044129903281526 0.001 0.1
compas_m frc 1 0.7552674230145867 0.0641505197990689 0.0410051005744872 0.0450949575546986 0.015247916021229633 0.013473854647583001 0.013794238457724105 0.001 0.1
compas_m frc 1 0.7536466774716369 0.059433529130925346 0.05271372688724355 0.0405388035948229 0.008294103234992793 0.011128688456137266 0.016636114318563745 0.001 1
compas_m frc 1 0.7552674230145867 0.021093223319703744 0.01504773107326986 0.12425134308743463 0.025214685205950875 0.028067870329134582 0.016775195441294806 0.001 1
compas_m frc 2 0.766612641815235 0.03558739332337069 0.00705560336649123 0.10142525286555147 0.026651999715061808 0.03203445395127708 0.02611332187772398 0.001 0.1
compas_m frc 1 0.7698541329011345 0.03743288971063258 0.02677139395405887 0.08380857929118302 0.027095991695761792 0.025398260880442523 0.013639034262474797 0.0 0.1
compas_m frc 2 0.7811993517017828 0.046426034024267315 0.02193422697074294 0.08794693418827176 0.024173230982079366 0.014977150342863543 0.019063590628057576 0.0 0.1
compas_m frc 3 0.7277147487844409 0.06775779287646091 0.047899668415664114 0.0439031576724855 0.023058796358586382 0.009033502436756945 0.024431830715471187 0.0 0.1
compas_m frc 4 0.7876823338735819 0.10491966562865399 0.06516604715388491 0.034439492099547 0.023247295327989158 0.02905146054495282 0.01820104858630308 0.0 0.1
compas_m frc 5 0.779578606158833 0.0762329438598233 0.02959416385313498 0.060293848579114545 0.01583550515798566 0.008085954215879 0.018673019408719693 0.0 0.1
compas_m frc 6 0.747163695299838 0.11436461351150991 0.0780317689867572 0.04920242116899089 0.034961952039619056 0.019287244915116693 0.032311981185757656 0.0 0.1
compas_m frc 7 0.7244732576985413 0.09497957683622767 0.06650504574777416 0.10938560234907499 0.031121252795873175 0.022381699738396047 0.03307673126620647 0.0 0.1
compas_m frc 8 0.7260940032414911 0.11119544150870861 0.07699795400480298 0.10915013872422283 0.047751713328491166 0.04368897763113412 0.03259661497916539 0.0 0.1
compas_m frc 9 0.7277147487844409 0.1187812025815328 0.06807567986118546 0.12275473626437475 0.05921554639792641 0.0209546259551223 0.034504921379302445 0.0 0.1
compas_m frc 10 0.7423014586709886 0.07055376350979166 0.045281585114655076 0.040669244362639106 0.03492166047953974 0.010316653223671599 0.024082100749303732 0.0 0.1
compas_m frc 11 0.7520259319286872 0.15215777394190874 0.08454507553270388 0.19385910930504296 0.05445607088344346 0.03206218606515512 0.04409918922486494 0.0 0.1
compas_m frc 1 0.7763371150729336 0.031406760941454726 0.011255034389557793 0.09438824554884709 0.03745732362184705 0.03125229271386801 0.02543516139291833 0.001 0.1
compas_m frc 2 0.766612641815235 0.03558739332337069 0.00705560336649123 0.10142525286555147 0.026651999715061808 0.03203445395127708 0.02611332187772398 0.001 0.1
compas_m frc 3 0.779578606158833 0.0411665352761562 0.01050736349029897 0.10892811751449046 0.022339447193455785 0.012382013342881467 0.028062280932138785 0.001 0.1
compas_m frc 4 0.7568881685575365 0.018899356404946506 0.009375496130559643 0.13027485538522307 0.029610182088931392 0.04079460450798596 0.03876129129141925 0.001 0.1
compas_m frc 5 0.7487844408427877 0.02976940575827585 0.01805296236368742 0.0915612336487387 0.03011633721833633 0.009329753270154678 0.023907305296622494 0.001 0.1
compas_m frc 6 0.7633711507293355 0.041892380956178976 0.01665796745561895 0.06601073186290016 0.030881766584931906 0.019445098337905097 0.02258719841540173 0.001 0.1
compas_m frc 7 0.7374392220421394 0.031012256165174668 0.019205194771431445 0.09830039298737853 0.016772022367450283 0.01774420339082318 0.01830573857814427 0.001 0.1
compas_m frc 8 0.7649918962722853 0.03461651222449409 0.009115811368449744 0.09870342570305868 0.027210020959784597 0.015290151900989486 0.03169605084832886 0.001 0.1
compas_m frc 9 0.7536466774716369 0.03760961995881289 0.007781804446854525 0.053412531747856797 0.03985748475099389 0.017982973091733183 0.029598610928739062 0.001 0.1
compas_m frc 10 0.7844408427876823 0.02895806980945429 0.011571089654461584 0.1355734644758654 0.03935132962158891 0.03433306744477593 0.03550863360269727 0.001 0.1
compas_m frc 11 0.7423014586709886 0.021706988841355607 0.009827872712966954 0.12691453188219798 0.01513311255699885 0.05362392864411356 0.010720433622495687 0.001 0.1
compas_m frc 1 0.7633711507293355 0.04244484247537658 0.008644326951159196 0.07495805509328607 0.01979868968071248 0.03367386813825078 0.03039703945359179 0.01 0.1
compas_m frc 2 0.773095623987034 0.02027515314709153 0.004276473539148125 0.17116222633417694 0.026002836722802715 0.035564123673604724 0.028353793140853394 0.01 0.1
compas_m frc 3 0.7536466774716369 0.02160189649041496 0.007829834936626437 0.11343621320491834 0.027840798559326436 0.033675360458391757 0.03426493876476787 0.01 0.1
compas_m frc 4 0.7714748784440842 0.03160259805171932 0.0042470794317222005 0.10503029615972356 0.033412401433232236 0.03288779573865295 0.03231272724466326 0.01 0.1
compas_m frc 5 0.7455429497568882 0.03589379060536819 0.011704025309056652 0.061140902651399334 0.02177306985293262 0.006441809702032068 0.028942080860361916 0.01 0.1
compas_m frc 6 0.773095623987034 0.02415141447001359 0.007816054845776976 0.09900678386193511 0.04422190338791771 0.04577250244778694 0.0293881846325249 0.01 0.1
compas_m frc 7 0.7390599675850892 0.03622108567269203 0.014360199662047532 0.08092843920415702 0.014654232665286022 0.018129631766274253 0.02115511946650478 0.01 0.1
compas_m frc 8 0.7649918962722853 0.04837875999357319 0.015031544365093383 0.0536471935111888 0.03334952905204841 0.008765048842458984 0.030118277562411096 0.01 0.1
compas_m frc 9 0.7439222042139384 0.03551455138375968 0.00916204383171464 0.045104213720993325 0.028983582537289748 0.0113304409368791 0.027869131501290247 0.01 0.1
compas_m frc 10 0.7358184764991896 0.016332822043203462 0.014114326853109377 0.06939490633186167 0.051303615554237764 0.022223188367691653 0.0368850988840159 0.01 0.1
compas_m frc 11 0.7487844408427877 0.01153870386371628 0.008354695601829071 0.11657032924938604 0.03878495228106569 0.047104813911041224 0.024445387774988017 0.01 0.1
compas_m frc 1 0.6628849270664505 0.0 0.0026573502750795726 0.0 0.0 0.013204747832248608 0.002585861350408541 0.1 0.1
compas_m frc 2 0.7585089141004863 0.033959569160620616 0.007036819139500127 0.12523851800934832 0.019864856508373656 0.04518519448892115 0.029470039476242126 0.1 0.1
compas_m frc 3 0.6628849270664505 0.01260734716158493 0.001561162086526031 0.020923868890476066 0.007654161469008197 0.006448003576466183 0.005730249542915905 0.1 0.1
compas_m frc 4 0.7390599675850892 0.0041466047867502335 0.006087376300426132 0.16032954452804 0.018692453739525564 0.037482477008992016 0.011001076730986105 0.1 0.1
compas_m frc 5 0.700162074554295 0.012499920149572734 0.007327313261041449 0.05220176423184343 0.04705964133955064 0.018393935994252625 0.024541385599473022 0.1 0.1
compas_m frc 6 0.6742301458670988 0.012299492509069684 0.0028054064653695626 0.06358420177106408 0.03759197538890078 0.026371169617344266 0.010205704537134496 0.1 0.1
compas_m frc 7 0.7163695299837926 0.027504949537898834 0.016514439975373288 0.037605535320879416 0.03133213433073595 0.025120201112187837 0.03336567846577179 0.1 0.1
compas_m frc 8 0.7455429497568882 0.02190911141115332 0.007561884372760834 0.06791002741495798 0.05819699583834556 0.021335250399736556 0.025105376062664365 0.1 0.1
compas_m frc 9 0.7212317666126418 0.06531407195876042 0.0409837171800927 0.06442233987835502 0.01288701737141366 0.027298242200634704 0.017261741209148525 0.1 0.1
compas_m frc 10 0.6985413290113452 0.023886527673710314 0.0089633398028234 0.07235229237677235 0.04206388121758663 0.013532585133523956 0.027094906059232322 0.1 0.1
compas_m frc 11 0.6855753646677472 0.04156484985773695 0.018226036910084724 0.02646166554744161 0.03933750796626781 0.012879314753155787 0.01461189483481482 0.1 0.1
compas_m frc 1 0.6628849270664505 0.0 0.0008028829281273342 0.0 0.0 0.0025115376072115912 0.0018641031531010852 2.0 0.1
compas_m frc 2 0.6628849270664505 0.0 0.0009476043152261179 0.0 0.0 0.004213491138911239 0.001917296212768984 2.0 0.1
compas_m frc 3 0.6628849270664505 0.0 0.0016412785928804881 0.0 0.0 0.004341763683035632 0.0017567336826634914 2.0 0.1
compas_m frc 4 0.6628849270664505 0.0 0.0011525858351387865 0.0 0.0 0.001510697927826334 0.0023294000353064163 2.0 0.1
compas_m frc 5 0.6628849270664505 0.0 0.0005661444710493767 0.0 0.0 0.0024596251031746277 0.0018419740838660772 2.0 0.1
compas_m frc 6 0.6628849270664505 0.0 0.003932197908396332 0.0 0.0 0.0019298028585911472 0.005541855210632629 2.0 0.1
compas_m frc 7 0.6628849270664505 0.0 0.003145518276227062 0.0 0.0 0.0051281441793941274 0.0015252954835696848 2.0 0.1
compas_m frc 8 0.6628849270664505 0.0 0.0007414264726799089 0.0 0.0 0.0048242823065185346 0.000914699754987454 2.0 0.1
compas_m frc 9 0.6628849270664505 0.0 0.0010977232061461842 0.0 0.0 0.003557609897237409 0.0022615331922362595 2.0 0.1
compas_m frc 10 0.6628849270664505 0.0 0.0016853506225042217 0.0 0.0 0.007110442506962908 0.0017598902391042866 2.0 0.1
compas_m frc 11 0.6628849270664505 0.0 0.0022853002634614763 0.0 0.0 0.0021022414174342785 0.003980143240198905 2.0 0.1
compas_m frc 2 0.7763371150729336 0.043842641211030806 0.018931364648117295 0.126425092299904 0.011650885481260188 0.023667184390065682 0.01822393162615203 0.0001 0.1
